1   0.2647077
1   0.08103119
1   0.0992778
1   0.24726439
1   0.09882858
1   0.037686147
1   0.13341014
1   0.037555248
1   0.107884735
1   0.40335387
1   0.12762919
1   0.25053057
1   0.37987173
1   0.014818151
1   0.23854443
1   0.39886227
1   0.10867483
1   0.09578452
1   0.0958679
1   0.14986975
1   0.05592105
1   0.42516583
1   0.31204352
1   0.1468998
1   0.24188061
1   0.082367115
1   0.1875
1   0.20076051
1   0.563318
1   0.289976
1   0.32530645
1   0.24660876
1   0.3807886
1   0.38511205
1   0.13361946
1   0.20587651
1   0.059834465
1   0.16325486
1   0.08911089
1   0.20587651
1   0.059834465
1   0.16325486
1   0.08911089
1   0.32294193
1   0.39779544
1   0.5864532
1   0.2499941
1   0.053288937
1   0.0
1   0.16500965
1   0.056635413
1   0.41806263
1   0.43616462
1   0.08158387
1   0.20477669
1   0.118052036
2   0.17552307
2   0.7971783
2   0.33980328
2   0.26787913
2   0.30602285
2   0.13812098
2   0.050983094
2   0.44240478
2   0.39886227
2   0.16101108
2   0.48183906
2   0.3063695
2   0.19518518
3   0.5019513
3   0.43599808
3   0.44645518
3   0.26092798
3   0.36930478
3   0.424948
3   0.1105417
3   0.14073943
3   0.55080736
4   0.24889693
4   0.512126
4   0.10379494
4   0.35940635
4   0.054405384
4   0.7318762
4   0.31763154
4   0.538278
4   0.0937126
4   0.29148585
4   0.47881803
4   0.29441568
3   0.36930478
3   0.424948
3   0.1105417
3   0.14073943
3   0.55080736
4   0.24889693
4   0.512126
4   0.10379494
4   0.35940635
4   0.054405384
4   0.7318762
4   0.31763154
4   0.538278
4   0.0937126
4   0.29148585
4   0.47881803
4   0.29441568
4   0.3724811
4   0.14725617
4   0.19188319
4   0.32837316
4   0.2322323
4   0.05229978
4   0.32837316
4   0.24378136
4   0.05911111
4   0.6880909
4   0.68543476
4   0.23522505
4   0.2651356
4   0.7458624
4   0.8670713
4   0.3526713
4   1.0423735
4   0.57751125
4   0.6536629
2   0.212708
2   0.16629153
2   0.17470586
2   0.28507683
2   0.24013494
2   0.635221
3   0.09232169
3   0.30380046
3   0.7339524
3   0.50945383
3   0.28400713
3   0.11459086
3   0.18696913
3   0.41995087
3   0.77159506
3   0.67314345
3   0.47853357
4   0.069010876
4   0.21212418
4   0.32351905
4   0.82476705
4   0.28408903
4   0.5124302
5   0.805925
4   0.069010876
4   0.21212418
4   0.32351905
4   0.82476705
4   0.28408903
4   0.5124302
5   0.805925
5   0.16588639
5   0.47729835
5   0.12785512
5   0.12358108
5   0.0651483
5   0.32721496
5   0.09453809
5   0.6209041
5   0.4867343
5   0.5278418
5   0.43818069
5   1.3366106
5   0.25704068
5   0.43302524
6   0.02813489
6   0.2402522
6   0.7711744
6   0.31983715
6   0.41984165
6   1.3639821
6   0.46949923
6   0.12387171
6   0.09497382
6   0.34476393
6   0.64880455
6   0.42494094
6   0.30728003
7   0.2296693
7   0.7316321
7   0.16576758
7   0.14551212
7   0.07006179
7   0.5258317
7   0.7428315
7   0.43030253
7   0.27954552
7   0.63792014
7   0.11619836
7   0.6636328
7   0.72083765
7   0.62288404
7   0.37148845
7   0.29830343
7   0.77170074
7   0.27789676
7   0.048787177
7   0.14301442
7   0.1155407
7   0.34338507
7   0.42542765
7   0.50574195
7   0.5554482
7   0.10909442
7   0.38686737
8   0.2565153
8   0.044477705
8   0.26919872
7   0.62288404
7   0.37148845
7   0.29830343
7   0.77170074
7   0.27789676
7   0.048787177
7   0.14301442
7   0.1155407
7   0.34338507
7   0.42542765
7   0.50574195
7   0.5554482
7   0.10909442
7   0.38686737
8   0.2565153
8   0.044477705
8   0.26919872
8   0.3412919
8   0.24121845
8   0.27330875
8   0.29911676
8   0.5365373
8   0.20440814
8   0.33938116
8   1.1151757
8   0.18483788
8   0.6258528
8   0.12711316
8   0.39254564
8   0.5744333
8   0.3202117
8   0.06956343
8   0.5657983
8   0.34291923
8   0.39629003
8   0.6308383
8   1.0808563
8   0.94787323
8   0.5639836
8   0.15601328
8   0.29395282
8   0.22413121
8   0.15369542
8   0.27942082
8   0.35256147
8   0.077433236
8   0.36369586
8   0.6779888
9   0.4305829
9   0.47158474
9   0.7463875
9   0.26430115
9   0.078537196
9   0.6601846
9   1.317993
9   0.3438241
9   0.782328
9   0.459818
9   0.14303242
10   0.13738462
10   0.24700698
10   0.7683972
10   0.21547747
10   0.19582964
10   0.952839
10   0.58839244
10   0.32783875
10   0.22516167
10   0.22065684
10   0.2989203
10   0.25678292
10   0.28361234
10   1.0380652
10   0.13738462
10   0.24700698
10   0.7683972
10   0.21547747
10   0.19582964
10   0.952839
10   0.58839244
10   0.32783875
10   0.22516167
10   0.22065684
10   0.2989203
10   0.25678292
10   0.28361234
10   1.0380652
10   0.6229143
10   0.0730796
10   0.1266443
9   0.0
9   0.3337927
9   0.6016567
9   0.23728766
9   0.13958994
9   0.575479
9   0.77763724
9   0.04374718
9   0.45733407
9   0.6127311
11   0.735703
11   0.7618086
11   0.18088698
11   0.8053423
11   0.2697301
11   0.40575206
11   0.62288404
11   0.6293919
11   0.5579541
11   0.2708935
12   0.14350104
12   0.65984976
12   0.017581295
12   0.19740286
12   0.5399331
12   0.6320208
12   0.5203901
12   0.27783185
12   0.7241287
12   1.3733479
12   0.15190598
12   0.56512266
12   0.06367209
12   0.2716658
13   0.30236703
13   0.47833294
13   1.1786066
13   0.56091404
13   0.19317321
13   0.28727454
13   0.6320208
13   0.8066468
13   0.7469088
13   0.76594007
13   0.34349462
13   0.33774802
13   0.19819789
13   0.55505955
13   0.5264278
14   0.051246345
14   0.42567706
14   0.17834446
13   0.28727454
13   0.6320208
13   0.8066468
13   0.7469088
13   0.76594007
13   0.34349462
13   0.33774802
13   0.19819789
13   0.55505955
13   0.5264278
14   0.051246345
14   0.42567706
14   0.17834446
14   0.826235
14   0.26027045
14   0.12093901
14   0.1013312
14   0.4464754
14   0.3191158
14   0.40947977
14   0.6880553
14   1.2268949
14   0.52718794
14   0.121783495
14   0.33281198
14   0.33091787
14   0.25594157
14   0.1892685
14   0.4685015
14   0.1722143
14   0.116871476
14   0.41156405
15   0.34359717
15   0.62851405
15   1.1539831
15   0.43759662
15   0.20135584
15   0.5961113
15   0.24452004
15   0.9282111
15   1.7583835
15   0.40771285
15   0.16140471
15   0.09114202
15   0.38870233
15   0.35452104
16   0.3806063
16   0.83190125
16   0.32537878
16   0.1500554
16   1.0058107
16   0.12088771
16   0.27722105
16   1.0514371
16   0.8422698
16   0.7935772
16   0.3950295
16   0.049927354
16   0.73074675
16   0.09235807
16   1.4473041
16   0.76762694
16   0.44968918
16   0.40478066
16   0.23144704
16   0.392676
16   0.92163146
16   1.4428996
16   0.7822659
16   0.03983504
16   0.2506038
16   0.10193381
16   0.7000054
16   0.17902784
16   0.20004645
16   0.31452104
16   0.08596493
16   0.31663555
16   0.1401751
17   0.58215356
17   0.68117905
17   0.38048035
17   0.35412052
17   0.0901546
17   0.38593394
18   0.41282302
18   0.80110747
18   0.3348748
18   0.3682977
18   1.3801694
18   0.42845654
18   0.3045991
18   0.18797183
18   0.5909288
18   0.12700436
18   0.43256035
17   0.58215356
17   0.68117905
17   0.38048035
17   0.35412052
17   0.0901546
17   0.38593394
18   0.41282302
18   0.80110747
18   0.3348748
18   0.3682977
18   1.3801694
18   0.42845654
18   0.3045991
18   0.18797183
18   0.5909288
18   0.12700436
18   0.43256035
18   0.8139528
18   0.08661045
18   0.26534885
18   0.38706106
18   0.2521802
18   0.25400198
18   0.6619383
18   0.45927024
18   0.559366
18   0.24707067
18   0.75585705
18   0.46355382
18   0.18569005
18   0.46501154
18   0.14138862
18   0.11535603
18   0.1401751
19   0.5281614
19   0.1500896
19   0.08919263
19   0.051454972
19   0.2114683
19   0.33139652
19   0.36617568
19   0.19004902
19   0.20552447
19   0.06982604
20   0.3166042
20   0.15138575
20   0.4829457
20   0.35175508
20   0.55002224
20   0.49096513
20   0.31280583
20   0.15058865
20   0.1512407
20   0.055374533
20   0.097232595
20   0.08112644
20   0.17684656
20   0.36995208
20   0.16050959
20   0.4188525
20   0.6141306
20   0.07790412
21   0.03288134
21   0.28397796
21   0.4752047
21   0.35117453
21   0.06152451
21   0.34757057
21   0.09650858
21   0.38593394
21   0.07790412
21   0.16834505
21   0.29190034
21   0.2951823
21   0.27893972
21   0.5062074
21   0.24280412
21   0.15985128
21   0.74393684
21   0.61599004
22   0.21066362
22   0.32522845
22   0.23355018
22   0.22892298
22   0.5422838
22   0.20532213
22   0.13791707
22   0.4175938
22   0.61256135
22   0.11935455
22   0.16018894
22   0.2543869
22   0.09720492
22   0.1496143
22   0.28488344
22   0.2402838
22   0.37320882
22   0.30711532
22   0.36298186
22   0.26038298
22   0.424828
22   0.22975948
22   0.60690165
23   0.31721127
23   0.24940953
23   0.15533036
23   0.27700755
23   0.274729
23   0.4528899
23   0.22779214
23   0.47331423
23   0.22987358
23   0.17169328
23   0.2600215
23   0.39818126
23   0.21540816
24   0.38608348
24   1.374827
24   0.26213953
24   0.20539759
24   0.39328402
24   0.21926822
24   0.1527637
24   0.37713653
24   0.2065171
24   0.2257993
24   0.2632534
24   0.13150647
24   0.659221
24   0.26626664
24   0.34750113
24   0.32045215
24   0.41710144
24   0.24901164
24   0.3287074
24   0.34757057
24   0.3225504
25   0.33209133
25   0.28287923
25   0.52776885
25   0.358853
25   0.6064048
25   0.02733204
25   0.30563506
25   0.2612529
25   0.31193116
25   0.4638948
25   0.1379967
25   0.41639107
25   0.15475182
25   0.11931818
25   0.14580372
25   0.4184829
25   1.3346697
25   0.18458495
25   0.3978368
25   0.13258807
25   0.10429234
25   0.06976799
25   0.4174782
25   0.103848554
25   0.0991786
25   0.0752752
25   0.18531615
25   0.30374616
28   0.15624693
28   0.4236299
28   0.36106336
28   0.03448276
28   0.6483263
28   0.40193075
28   0.33392668
28   0.16976044
28   0.3858654
28   0.2606716
28   0.47248024
28   0.15520309
28   0.30161184
28   0.22004506
28   0.21914628
28   0.2543144
28   0.19179805
28   0.090290725
28   0.077155486
29   0.20370543
29   0.49243233
29   0.488019
29   0.21816121
29   0.26608452
26   0.44936165
26   0.1533838
26   0.22785223
26   0.55358714
27   0.16576642
27   0.07750567
27   0.060109667
27   0.3638906
27   0.33929637
27   0.4156475
27   0.6574279
26   0.44936165
26   0.1533838
26   0.22785223
26   0.55358714
27   0.16576642
27   0.07750567
27   0.060109667
27   0.3638906
27   0.33929637
27   0.4156475
27   0.6574279
27   0.32616827
27   0.24731988
27   0.11913727
27   0.07682803
27   0.28002754
27   0.22555575
27   0.368496
27   0.09779527
27   0.011035525
27   0.12418523
27   0.22693121
27   0.37050408
27   0.27392834
25   0.35729498
25   0.327931
25   0.39313054
25   0.3494579
25   0.41653863
25   0.36331177
26   0.05174629
26   0.21728453
26   0.18399414
26   0.08721965
26   0.48063326
26   0.05177099
26   0.33641103
26   0.19869626
26   0.523523
26   0.26303267
26   0.7343428
26   0.023892963
26   0.18258025
26   0.21657413
26   0.3047235
26   0.38705543
26   0.114343405
26   0.19326143
26   0.16064008
26   0.30953062
26   0.58884674
26   0.14310966
26   0.43025467
26   0.5508239
27   0.32419991
27   0.1703495
29   0.24078509
29   0.18921018
29   0.35522047
29   0.38854986
29   0.6224512
29   0.2486116
29   0.5975226
29   0.37839788
29   0.101107396
29   0.2316381
29   0.07356915
29   0.19092077
29   0.44781047
29   0.059200093
30   0.25816098
30   0.4570828
30   0.05974359
30   0.3638906
30   0.49209207
30   0.5087955
30   1.1443881
30   0.04487414
30   0.5987598
30   0.3634553
30   0.16139069
30   0.37355632
30   0.12613812
30   0.25972784
30   0.48050663
30   0.3039518
30   1.0547411
30   0.29495496
30   0.23639369
30   0.027864162
30   0.28174627
30   0.082138136
30   0.1839026
30   0.1534652
30   0.29199582
30   0.30276102
30   0.3539401
30   0.4056921
30   0.27952158
30   0.46934396
30   0.23316397
31   0.21037585
31   0.27389336
31   0.37166783
31   0.59359324
31   0.30075672
31   0.76850206
31   0.25023165
31   0.1517533
31   0.670256
31   0.31227207
31   0.20738663
31   0.16193935
31   0.45884168
31   0.20530683
31   0.07106894
32   0.42833
32   0.109452665
32   0.17005782
32   0.19304812
32   0.38235235
32   0.17398794
32   0.22655024
32   0.09816901
32   0.2980986
32   0.3304733
32   0.6294583
32   0.40150014
32   0.40593684
32   0.30665606
32   0.24950026
32   0.65449667
32   0.43543214
32   0.042145595
32   0.16950469
32   0.52459395
32   0.1779628
32   0.58117217
32   0.31918874
32   0.19179805
32   0.1529353
32   0.4043995
32   0.38482973
32   0.21063466
32   0.5499675
32   0.533674
32   0.101649284
32   0.23927684
33   0.3492107
33   0.09847518
33   0.6414527
33   0.26564372
33   0.22284961
33   0.19880415
33   0.29976854
33   0.21827957
33   0.50317156
33   0.2104708
33   0.6423936
34   0.4520421
34   0.27876747
34   0.33439323
34   0.5668122
34   0.2239424
34   0.13883966
34   0.34140635
34   0.4727301
34   0.10363607
34   0.55876386
34   0.3096737
34   0.2840709
34   0.10954918
35   0.1730389
35   0.22311324
35   0.08402204
35   0.5234779
35   0.38635698
35   0.33507648
35   0.11209427
35   0.14119121
35   0.18940398
35   0.11142379
35   0.1738666
35   0.11796897
35   0.31073418
35   0.3858104
35   0.3102383
35   0.1335389
35   0.22338484
35   0.20892066
35   0.58483946
35   0.39730722
36   0.3313597
36   0.28062162
36   0.4233281
36   0.4046717
36   0.2066702
36   0.17120335
36   0.14881156
36   0.4402812
36   0.19492157
36   0.0641504
36   0.42380953
36   0.16382273
36   0.25083226
36   0.27612287
36   0.3486083
36   0.47898328
36   0.39220476
36   0.6347717
36   0.25806373
36   0.41707945
36   0.25302613
36   0.24838883
36   0.36664677
36   0.27396652
36   0.18951367
36   0.48863977
36   0.04938575
37   0.4708224
37   0.16059493
37   0.60419947
37   0.12593043
37   0.047517106
37   0.385958
37   0.29995587
37   0.24079272
37   0.33268142
37   0.2911654
37   0.7087603
37   0.30331635
37   0.36217386
37   0.27211463
37   0.48094964
37   0.42200452
38   0.3383552
38   0.4694094
38   0.30066606
38   0.11101885
38   0.3861838
38   0.15971656
38   0.6073421
38   0.113124944
38   0.32830107
38   0.3683969
38   0.41039076
38   0.46265978
38   0.25984895
38   0.14218268
38   0.07454534
38   0.5921281
38   0.3151008
38   0.36960006
38   0.4151591
38   0.3476446
39   0.14880952
39   0.2407717
39   0.27837402
39   0.14298798
39   0.32302296
39   0.29254565
39   0.110069446
39   0.2172969
39   0.40133166
39   0.60585827
39   0.21572965
39   0.1375
39   0.10351867
39   0.18089798
39   0.5809288
39   0.24604885
39   0.6560863
39   0.32435095
39   0.27546236
39   0.38639802
39   0.35300153
39   0.2680559
39   0.49591398
39   0.46005124
40   0.20981339
40   0.12159254
40   0.8943412
40   0.22998449
40   0.17011416
40   0.05109433
40   0.41264695
40   0.35980177
40   0.43898553
40   0.31845325
40   0.26828474
40   0.62072444
40   0.41734892
40   0.085756406
40   0.5617502
40   0.4209651
40   0.13786764
40   0.36836722
40   0.36031368
40   0.2575146
40   0.09812802
40   0.32262903
41   0.17894492
41   0.25099808
41   0.53029454
41   0.298168
41   0.17658393
41   0.43648434
41   0.0798475
41   0.41443452
41   0.4995072
41   0.128797
41   0.27655885
41   0.51684064
41   0.16143925
42   0.08164105
42   0.53502023
42   0.2370355
42   0.28010246
42   0.45329475
42   0.42610276
42   0.9315147
42   0.38889802
42   0.32049924
42   0.52651334
42   0.37435597
42   0.5595089
42   0.19918373
42   0.20618054
42   0.4418887
42   0.36941737
42   0.29087842
42   1.1013741
42   0.90994376
42   0.27933046
43   0.20612472
43   0.50004256
43   0.47784287
43   0.38861287
43   0.5266734
43   0.32569814
43   0.3671096
43   0.34946308
43   0.355817
43   0.29003087
44   0.26730165
44   0.41823462
44   0.19446972
44   0.40627456
44   0.13385022
44   0.42547458
44   0.18488622
44   0.4207706
44   0.18787168
45   0.07466876
45   0.33093795
45   0.40305865
45   0.42793682
45   0.47695345
45   0.15043584
45   0.32105356
45   1.3342719
45   1.0315897
45   1.269274
45   0.49244267
45   0.3726744
45   0.5086002
45   0.25920188
45   0.2230761
45   0.23687866
45   0.6173364
45   0.8601282
44   0.4207706
44   0.18787168
45   0.07466876
45   0.33093795
45   0.40305865
45   0.42793682
45   0.47695345
45   0.15043584
45   0.32105356
45   1.3342719
45   1.0315897
45   1.269274
45   0.49244267
45   0.3726744
45   0.5086002
45   0.25920188
45   0.2230761
45   0.23687866
45   0.6173364
45   0.8601282
46   0.06588431
46   0.5154321
46   0.22523564
46   0.31580085
46   0.43477976
46   0.52452195
46   0.5364211
46   0.5755197
46   0.2179671
46   0.41599247
46   0.22876474
46   0.32445633
46   0.36873695
46   0.50638217
46   0.9690282
47   0.23649827
47   0.21813509
47   0.35219988
47   0.33030507
47   0.43634486
47   0.66732156
47   1.0114421
47   0.363682
47   0.31048542
47   0.5824613
47   0.42617902
47   1.3465103
48   0.5750251
48   0.34139857
48   0.24128366
48   0.7899796
48   0.2556843
48   0.145999
48   1.501766
48   0.5949475
48   1.0221121
48   0.74951506
48   0.21207479
49   0.441745
49   0.24769774
49   0.25778684
49   0.3754956
49   0.5728036
49   0.31831092
49   0.69088703
49   0.1653343
49   0.38979244
49   0.7744274
49   0.46413243
49   0.27570793
49   0.4307214
49   0.4667902
49   0.2606599
49   0.79145414
49   0.2139539
49   0.24207649
49   0.9033925
49   0.33621612
50   0.31099012
50   0.13901873
50   0.093662314
50   0.651846
50   1.1486374
50   1.4624658
50   0.28108522
50   0.23835275
50   0.5045338
50   1.2807759
50   0.17650786
50   0.43253466
50   0.5578344
50   0.10052052
51   0.31634983
51   0.3732013
51   0.96701944
51   0.50304174
51   0.66308796
51   0.33351246
51   0.34141153
51   0.2881145
51   0.20738809
51   0.67055935
51   1.1431355
51   0.19741517
51   0.055967707
51   0.79145414
52   0.016422113
52   0.27927315
52   0.5817728
52   0.19319487
52   0.74890625
52   0.5530197
52   0.43228745
52   0.43750614
52   1.2223761
52   1.6278105
52   0.37052953
52   0.49788243
52   0.3683574
52   1.1617672
52   0.57820153
52   1.0636163
52   1.471637
52   0.9371793
52   1.4080211
52   0.602701
53   0.7173203
53   0.33324075
53   0.5787021
53   1.3555553
53   0.40768838
53   0.67443544
53   0.35362136
53   0.6475928
53   0.85856426
53   0.33290222
53   0.08287054
53   0.37873077
53   0.59342533
53   1.4894705
53   0.4230727
53   1.2617848
53   1.130073
53   1.0410092
53   0.63253117
54   0.11212121
54   0.5333573
54   0.48538038
54   0.53658104
54   0.40416616
54   0.9309923
54   0.91486514
54   1.3298041
54   0.8658288
54   0.9706094
54   1.3286983
54   0.31306595
54   0.55986667
54   1.3152392
54   0.50110847
54   0.4416297
54   0.6238669
54   0.1985037
54   1.162523
54   0.63636804
54   0.15386324
54   0.4062487
54   0.9492496
55   0.6786637
55   0.5512856
55   0.7136054
55   1.107942
55   0.10320714
55   0.7971222
55   1.3740761
56   0.0706512
56   0.75052905
56   0.42816156
56   0.44318452
56   0.35384476
56   0.3430466
56   0.04433812
56   0.31154808
56   1.1391281
56   1.1391281
56   1.1145874
56   0.99885243
56   1.695684
56   0.3972615
56   0.35969007
56   0.22263944
56   0.89024436
56   0.59896886
56   0.658213
56   0.85767114
56   0.4681591
56   1.1253641
56   0.1940811
56   1.0957487
56   0.16500159
56   0.33574158
56   0.2517234
57   0.2588509
57   0.82330513
57   0.16034532
57   0.3276767
57   0.20244084
57   0.793366
57   0.44491193
57   0.14521049
58   0.6708391
58   0.6652584
58   0.14782216
58   0.36974317
58   1.5608523
58   0.7098884
58   1.3411037
58   0.729509
58   0.49329984
58   0.6552632
58   0.8346255
58   1.3466474
58   0.3453702
59   0.58444315
59   1.1004415
59   0.18407215
59   0.6045015
59   0.9219562
59   0.38125968
59   0.13036528
59   1.1213568
59   0.63223666
59   0.9608045
59   0.8841814
59   0.17809623
60   0.74243486
60   0.26898277
60   0.76910967
60   0.8480725
60   1.3743154
60   1.2524705
60   0.56232
60   0.24605173
65   1.5510081
59   0.63223666
59   0.9608045
59   0.8841814
59   0.17809623
60   0.74243486
60   0.26898277
60   0.76910967
60   0.8480725
60   1.3743154
60   1.2524705
60   0.56232
60   0.24605173
60   0.65501106
60   0.8420434
60   0.65501106
60   1.2021809
60   0.8680655
60   1.1712536
60   0.998754
61   0.29622743
61   0.32500193
61   1.4848448
61   1.1095622
61   1.1363332
61   0.7401125
61   0.28101483
62   0.44964474
62   0.2002273
62   0.26378697
62   0.76519513
62   0.6077318
62   0.7401125
62   0.9095121
62   1.4604659
62   1.3659477
62   1.605043
62   0.5734534
63   0.7660605
63   1.4436275
63   0.38987803
63   1.5124712
63   1.2145318
64   1.1482675
64   1.3466474
64   0.901246
64   1.0049644
64   1.0607495
65   0.7801001
65   1.5510081
65   1.6344312
65   1.6059322
65   0.52339673
65   1.5016584
65   1.1024505
65   1.0669177
65   0.37293717
65   0.972926
65   1.164821
65   1.3327477
65   1.3803445
65   0.37817395
65   1.2005757
65   0.794813
65   0.5229802
65   1.2926131
65   1.0180764
65   0.76
65   0.56492925
66   0.2961225
66   0.7537433
66   1.6417202
66   0.20360407
66   0.9547812
66   0.929718
66   1.5124712
66   0.84772027
66   0.8688196
66   1.6765616
66   1.6925117
67   0.2272249
67   0.3662895
67   0.06093848
67   0.43363184
67   0.51152956
67   0.5906027
67   0.62301373
67   1.0256724
67   1.2977438
67   0.53868574
68   0.8094442
68   0.0030793948
68   0.028461197
68   0.8775655
68   1.3983788
68   1.6241353
68   0.5900926
68   0.5021783
69   0.685092
69   0.39683145
69   0.11050741
69   0.9095121
69   0.81727517
69   0.5366089
69   1.514417
69   0.2644072
69   0.22490436
70   0.541069
70   0.7347389
71   1.5506195
71   1.5664542
72   0.1298385
72   1.0000124
72   0.8342033
72   1.0610057
72   0.4176746
73   1.5580473
73   0.5900926
73   1.3198241
74   0.10173603
75   1.1701899
75   1.076448
75   0.7005648
75   1.0565971
70   0.541069
70   0.7347389
71   1.5506195
71   1.5664542
72   0.1298385
72   1.0000124
72   0.8342033
72   1.0610057
72   0.4176746
73   1.5580473
73   0.5900926
73   1.3198241
74   0.10173603
75   1.1701899
75   1.076448
75   0.7005648
75   1.0565971
75   1.1166263
75   1.5424541
76   0.3389262
76   1.3643107
76   1.7643654
76   0.4183195
77   0.5900926
77   1.133332
77   1.083775
78   0.9480658
78   1.055174
79   0.9214232
80   0.8931311
80   1.5327309
80   0.61916107
80   1.2961092
80   1.1787508
80   1.2065133
80   0.88821363
80   0.7323717
81   0.32684717
81   1.6633377
83   1.1734798
84   1.0866661
85   1.3160006
85   0.60392433
85   0.76702946
85   1.1699288
85   0.7028049
85   1.2782772
85   1.1805139
85   1.5487325
85   1.3160006
85   0.60392433
85   0.76702946
85   1.1699288
85   0.7028049
85   1.2782772
85   1.1805139
85   1.5487325
86   1.4724433
89   0.93335104
