      1 1   0.0
      1 1   0.014818151
      1 1   0.037555248
      1 1   0.037686147
      1 1   0.053288937
      1 1   0.05592105
      1 1   0.056635413
      2 1   0.059834465
      1 1   0.08103119
      1 1   0.08158387
      1 1   0.082367115
      2 1   0.08911089
      1 1   0.09578452
      1 1   0.0958679
      1 1   0.09882858
      1 1   0.0992778
      1 1   0.107884735
      1 1   0.10867483
      1 1   0.118052036
      1 1   0.12762919
      1 1   0.13341014
      1 1   0.13361946
      1 1   0.1468998
      1 1   0.14986975
      2 1   0.16325486
      1 1   0.16500965
      1 1   0.1875
      1 1   0.20076051
      1 1   0.20477669
      2 1   0.20587651
      1 1   0.23854443
      1 1   0.24188061
      1 1   0.24660876
      1 1   0.24726439
      1 1   0.2499941
      1 1   0.25053057
      1 1   0.2647077
      1 1   0.289976
      1 1   0.31204352
      1 1   0.32294193
      1 1   0.32530645
      1 1   0.37987173
      1 1   0.3807886
      1 1   0.38511205
      1 1   0.39779544
      1 1   0.39886227
      1 1   0.40335387
      1 1   0.41806263
      1 1   0.42516583
      1 1   0.43616462
      1 1   0.563318
      1 1   0.5864532
      1 10   0.0730796
      1 10   0.1266443
      2 10   0.13738462
      2 10   0.19582964
      2 10   0.21547747
      2 10   0.22065684
      2 10   0.22516167
      2 10   0.24700698
      2 10   0.25678292
      2 10   0.28361234
      2 10   0.2989203
      2 10   0.32783875
      2 10   0.58839244
      1 10   0.6229143
      2 10   0.7683972
      2 10   0.952839
      2 10   1.0380652
      1 11   0.18088698
      1 11   0.2697301
      1 11   0.2708935
      1 11   0.40575206
      1 11   0.5579541
      1 11   0.62288404
      1 11   0.6293919
      1 11   0.735703
      1 11   0.7618086
      1 11   0.8053423
      1 12   0.017581295
      1 12   0.06367209
      1 12   0.14350104
      1 12   0.15190598
      1 12   0.19740286
      1 12   0.2716658
      1 12   0.27783185
      1 12   0.5203901
      1 12   0.5399331
      1 12   0.56512266
      1 12   0.6320208
      1 12   0.65984976
      1 12   0.7241287
      1 12   1.3733479
      1 13   0.19317321
      2 13   0.19819789
      2 13   0.28727454
      1 13   0.30236703
      2 13   0.33774802
      2 13   0.34349462
      1 13   0.47833294
      2 13   0.5264278
      2 13   0.55505955
      1 13   0.56091404
      2 13   0.6320208
      2 13   0.7469088
      2 13   0.76594007
      2 13   0.8066468
      1 13   1.1786066
      2 14   0.051246345
      1 14   0.1013312
      1 14   0.116871476
      1 14   0.12093901
      1 14   0.121783495
      1 14   0.1722143
      2 14   0.17834446
      1 14   0.1892685
      1 14   0.25594157
      1 14   0.26027045
      1 14   0.3191158
      1 14   0.33091787
      1 14   0.33281198
      1 14   0.40947977
      1 14   0.41156405
      2 14   0.42567706
      1 14   0.4464754
      1 14   0.4685015
      1 14   0.52718794
      1 14   0.6880553
      1 14   0.826235
      1 14   1.2268949
      1 15   0.09114202
      1 15   0.16140471
      1 15   0.20135584
      1 15   0.24452004
      1 15   0.34359717
      1 15   0.35452104
      1 15   0.38870233
      1 15   0.40771285
      1 15   0.43759662
      1 15   0.5961113
      1 15   0.62851405
      1 15   0.9282111
      1 15   1.1539831
      1 15   1.7583835
      1 16   0.03983504
      1 16   0.049927354
      1 16   0.08596493
      1 16   0.09235807
      1 16   0.10193381
      1 16   0.12088771
      1 16   0.1401751
      1 16   0.1500554
      1 16   0.17902784
      1 16   0.20004645
      1 16   0.23144704
      1 16   0.2506038
      1 16   0.27722105
      1 16   0.31452104
      1 16   0.31663555
      1 16   0.32537878
      1 16   0.3806063
      1 16   0.392676
      1 16   0.3950295
      1 16   0.40478066
      1 16   0.44968918
      1 16   0.7000054
      1 16   0.73074675
      1 16   0.76762694
      1 16   0.7822659
      1 16   0.7935772
      1 16   0.83190125
      1 16   0.8422698
      1 16   0.92163146
      1 16   1.0058107
      1 16   1.0514371
      1 16   1.4428996
      1 16   1.4473041
      2 17   0.0901546
      2 17   0.35412052
      2 17   0.38048035
      2 17   0.38593394
      2 17   0.58215356
      2 17   0.68117905
      1 18   0.08661045
      1 18   0.11535603
      2 18   0.12700436
      1 18   0.1401751
      1 18   0.14138862
      1 18   0.18569005
      2 18   0.18797183
      1 18   0.24707067
      1 18   0.2521802
      1 18   0.25400198
      1 18   0.26534885
      2 18   0.3045991
      2 18   0.3348748
      2 18   0.3682977
      1 18   0.38706106
      2 18   0.41282302
      2 18   0.42845654
      2 18   0.43256035
      1 18   0.45927024
      1 18   0.46355382
      1 18   0.46501154
      1 18   0.559366
      2 18   0.5909288
      1 18   0.6619383
      1 18   0.75585705
      2 18   0.80110747
      1 18   0.8139528
      2 18   1.3801694
      1 19   0.051454972
      1 19   0.06982604
      1 19   0.08919263
      1 19   0.1500896
      1 19   0.19004902
      1 19   0.20552447
      1 19   0.2114683
      1 19   0.33139652
      1 19   0.36617568
      1 19   0.5281614
      1 2   0.050983094
      1 2   0.13812098
      1 2   0.16101108
      1 2   0.16629153
      1 2   0.17470586
      1 2   0.17552307
      1 2   0.19518518
      1 2   0.212708
      1 2   0.24013494
      1 2   0.26787913
      1 2   0.28507683
      1 2   0.30602285
      1 2   0.3063695
      1 2   0.33980328
      1 2   0.39886227
      1 2   0.44240478
      1 2   0.48183906
      1 2   0.635221
      1 2   0.7971783
      1 20   0.055374533
      1 20   0.07790412
      1 20   0.08112644
      1 20   0.097232595
      1 20   0.15058865
      1 20   0.1512407
      1 20   0.15138575
      1 20   0.16050959
      1 20   0.17684656
      1 20   0.31280583
      1 20   0.3166042
      1 20   0.35175508
      1 20   0.36995208
      1 20   0.4188525
      1 20   0.4829457
      1 20   0.49096513
      1 20   0.55002224
      1 20   0.6141306
      1 21   0.03288134
      1 21   0.06152451
      1 21   0.07790412
      1 21   0.09650858
      1 21   0.15985128
      1 21   0.16834505
      1 21   0.24280412
      1 21   0.27893972
      1 21   0.28397796
      1 21   0.29190034
      1 21   0.2951823
      1 21   0.34757057
      1 21   0.35117453
      1 21   0.38593394
      1 21   0.4752047
      1 21   0.5062074
      1 21   0.61599004
      1 21   0.74393684
      1 22   0.09720492
      1 22   0.11935455
      1 22   0.13791707
      1 22   0.1496143
      1 22   0.16018894
      1 22   0.20532213
      1 22   0.21066362
      1 22   0.22892298
      1 22   0.22975948
      1 22   0.23355018
      1 22   0.2402838
      1 22   0.2543869
      1 22   0.26038298
      1 22   0.28488344
      1 22   0.30711532
      1 22   0.32522845
      1 22   0.36298186
      1 22   0.37320882
      1 22   0.4175938
      1 22   0.424828
      1 22   0.5422838
      1 22   0.60690165
      1 22   0.61256135
      1 23   0.15533036
      1 23   0.17169328
      1 23   0.21540816
      1 23   0.22779214
      1 23   0.22987358
      1 23   0.24940953
      1 23   0.2600215
      1 23   0.274729
      1 23   0.27700755
      1 23   0.31721127
      1 23   0.39818126
      1 23   0.4528899
      1 23   0.47331423
      1 24   0.13150647
      1 24   0.1527637
      1 24   0.20539759
      1 24   0.2065171
      1 24   0.21926822
      1 24   0.2257993
      1 24   0.24901164
      1 24   0.26213953
      1 24   0.2632534
      1 24   0.26626664
      1 24   0.32045215
      1 24   0.3225504
      1 24   0.3287074
      1 24   0.34750113
      1 24   0.34757057
      1 24   0.37713653
      1 24   0.38608348
      1 24   0.39328402
      1 24   0.41710144
      1 24   0.659221
      1 24   1.374827
      1 25   0.02733204
      1 25   0.06976799
      1 25   0.0752752
      1 25   0.0991786
      1 25   0.103848554
      1 25   0.10429234
      1 25   0.11931818
      1 25   0.13258807
      1 25   0.1379967
      1 25   0.14580372
      1 25   0.15475182
      1 25   0.18458495
      1 25   0.18531615
      1 25   0.2612529
      1 25   0.28287923
      1 25   0.30374616
      1 25   0.30563506
      1 25   0.31193116
      1 25   0.327931
      1 25   0.33209133
      1 25   0.3494579
      1 25   0.35729498
      1 25   0.358853
      1 25   0.36331177
      1 25   0.39313054
      1 25   0.3978368
      1 25   0.41639107
      1 25   0.41653863
      1 25   0.4174782
      1 25   0.4184829
      1 25   0.4638948
      1 25   0.52776885
      1 25   0.6064048
      1 25   1.3346697
      1 26   0.023892963
      1 26   0.05174629
      1 26   0.05177099
      1 26   0.08721965
      1 26   0.114343405
      1 26   0.14310966
      2 26   0.1533838
      1 26   0.16064008
      1 26   0.18258025
      1 26   0.18399414
      1 26   0.19326143
      1 26   0.19869626
      1 26   0.21657413
      1 26   0.21728453
      2 26   0.22785223
      1 26   0.26303267
      1 26   0.3047235
      1 26   0.30953062
      1 26   0.33641103
      1 26   0.38705543
      1 26   0.43025467
      2 26   0.44936165
      1 26   0.48063326
      1 26   0.523523
      1 26   0.5508239
      2 26   0.55358714
      1 26   0.58884674
      1 26   0.7343428
      1 27   0.011035525
      2 27   0.060109667
      1 27   0.07682803
      2 27   0.07750567
      1 27   0.09779527
      1 27   0.11913727
      1 27   0.12418523
      2 27   0.16576642
      1 27   0.1703495
      1 27   0.22555575
      1 27   0.22693121
      1 27   0.24731988
      1 27   0.27392834
      1 27   0.28002754
      1 27   0.32419991
      1 27   0.32616827
      2 27   0.33929637
      2 27   0.3638906
      1 27   0.368496
      1 27   0.37050408
      2 27   0.4156475
      2 27   0.6574279
      1 28   0.03448276
      1 28   0.077155486
      1 28   0.090290725
      1 28   0.15520309
      1 28   0.15624693
      1 28   0.16976044
      1 28   0.19179805
      1 28   0.21914628
      1 28   0.22004506
      1 28   0.2543144
      1 28   0.2606716
      1 28   0.30161184
      1 28   0.33392668
      1 28   0.36106336
      1 28   0.3858654
      1 28   0.40193075
      1 28   0.4236299
      1 28   0.47248024
      1 28   0.6483263
      1 29   0.059200093
      1 29   0.07356915
      1 29   0.101107396
      1 29   0.18921018
      1 29   0.19092077
      1 29   0.20370543
      1 29   0.21816121
      1 29   0.2316381
      1 29   0.24078509
      1 29   0.2486116
      1 29   0.26608452
      1 29   0.35522047
      1 29   0.37839788
      1 29   0.38854986
      1 29   0.44781047
      1 29   0.488019
      1 29   0.49243233
      1 29   0.5975226
      1 29   0.6224512
      1 3   0.09232169
      2 3   0.1105417
      1 3   0.11459086
      2 3   0.14073943
      1 3   0.18696913
      1 3   0.26092798
      1 3   0.28400713
      1 3   0.30380046
      2 3   0.36930478
      1 3   0.41995087
      2 3   0.424948
      1 3   0.43599808
      1 3   0.44645518
      1 3   0.47853357
      1 3   0.5019513
      1 3   0.50945383
      2 3   0.55080736
      1 3   0.67314345
      1 3   0.7339524
      1 3   0.77159506
      1 30   0.027864162
      1 30   0.04487414
      1 30   0.05974359
      1 30   0.082138136
      1 30   0.12613812
      1 30   0.1534652
      1 30   0.16139069
      1 30   0.1839026
      1 30   0.23316397
      1 30   0.23639369
      1 30   0.25816098
      1 30   0.25972784
      1 30   0.27952158
      1 30   0.28174627
      1 30   0.29199582
      1 30   0.29495496
      1 30   0.30276102
      1 30   0.3039518
      1 30   0.3539401
      1 30   0.3634553
      1 30   0.3638906
      1 30   0.37355632
      1 30   0.4056921
      1 30   0.4570828
      1 30   0.46934396
      1 30   0.48050663
      1 30   0.49209207
      1 30   0.5087955
      1 30   0.5987598
      1 30   1.0547411
      1 30   1.1443881
      1 31   0.07106894
      1 31   0.1517533
      1 31   0.16193935
      1 31   0.20530683
      1 31   0.20738663
      1 31   0.21037585
      1 31   0.25023165
      1 31   0.27389336
      1 31   0.30075672
      1 31   0.31227207
      1 31   0.37166783
      1 31   0.45884168
      1 31   0.59359324
      1 31   0.670256
      1 31   0.76850206
      1 32   0.042145595
      1 32   0.09816901
      1 32   0.101649284
      1 32   0.109452665
      1 32   0.1529353
      1 32   0.16950469
      1 32   0.17005782
      1 32   0.17398794
      1 32   0.1779628
      1 32   0.19179805
      1 32   0.19304812
      1 32   0.21063466
      1 32   0.22655024
      1 32   0.23927684
      1 32   0.24950026
      1 32   0.2980986
      1 32   0.30665606
      1 32   0.31918874
      1 32   0.3304733
      1 32   0.38235235
      1 32   0.38482973
      1 32   0.40150014
      1 32   0.4043995
      1 32   0.40593684
      1 32   0.42833
      1 32   0.43543214
      1 32   0.52459395
      1 32   0.533674
      1 32   0.5499675
      1 32   0.58117217
      1 32   0.6294583
      1 32   0.65449667
      1 33   0.09847518
      1 33   0.19880415
      1 33   0.2104708
      1 33   0.21827957
      1 33   0.22284961
      1 33   0.26564372
      1 33   0.29976854
      1 33   0.3492107
      1 33   0.50317156
      1 33   0.6414527
      1 33   0.6423936
      1 34   0.10363607
      1 34   0.10954918
      1 34   0.13883966
      1 34   0.2239424
      1 34   0.27876747
      1 34   0.2840709
      1 34   0.3096737
      1 34   0.33439323
      1 34   0.34140635
      1 34   0.4520421
      1 34   0.4727301
      1 34   0.55876386
      1 34   0.5668122
      1 35   0.08402204
      1 35   0.11142379
      1 35   0.11209427
      1 35   0.11796897
      1 35   0.1335389
      1 35   0.14119121
      1 35   0.1730389
      1 35   0.1738666
      1 35   0.18940398
      1 35   0.20892066
      1 35   0.22311324
      1 35   0.22338484
      1 35   0.3102383
      1 35   0.31073418
      1 35   0.33507648
      1 35   0.3858104
      1 35   0.38635698
      1 35   0.39730722
      1 35   0.5234779
      1 35   0.58483946
      1 36   0.04938575
      1 36   0.0641504
      1 36   0.14881156
      1 36   0.16382273
      1 36   0.17120335
      1 36   0.18951367
      1 36   0.19492157
      1 36   0.2066702
      1 36   0.24838883
      1 36   0.25083226
      1 36   0.25302613
      1 36   0.25806373
      1 36   0.27396652
      1 36   0.27612287
      1 36   0.28062162
      1 36   0.3313597
      1 36   0.3486083
      1 36   0.36664677
      1 36   0.39220476
      1 36   0.4046717
      1 36   0.41707945
      1 36   0.4233281
      1 36   0.42380953
      1 36   0.4402812
      1 36   0.47898328
      1 36   0.48863977
      1 36   0.6347717
      1 37   0.047517106
      1 37   0.12593043
      1 37   0.16059493
      1 37   0.24079272
      1 37   0.27211463
      1 37   0.2911654
      1 37   0.29995587
      1 37   0.30331635
      1 37   0.33268142
      1 37   0.36217386
      1 37   0.385958
      1 37   0.42200452
      1 37   0.4708224
      1 37   0.48094964
      1 37   0.60419947
      1 37   0.7087603
      1 38   0.07454534
      1 38   0.11101885
      1 38   0.113124944
      1 38   0.14218268
      1 38   0.15971656
      1 38   0.25984895
      1 38   0.30066606
      1 38   0.3151008
      1 38   0.32830107
      1 38   0.3383552
      1 38   0.3476446
      1 38   0.3683969
      1 38   0.36960006
      1 38   0.3861838
      1 38   0.41039076
      1 38   0.4151591
      1 38   0.46265978
      1 38   0.4694094
      1 38   0.5921281
      1 38   0.6073421
      1 39   0.10351867
      1 39   0.110069446
      1 39   0.1375
      1 39   0.14298798
      1 39   0.14880952
      1 39   0.18089798
      1 39   0.21572965
      1 39   0.2172969
      1 39   0.2407717
      1 39   0.24604885
      1 39   0.2680559
      1 39   0.27546236
      1 39   0.27837402
      1 39   0.29254565
      1 39   0.32302296
      1 39   0.32435095
      1 39   0.35300153
      1 39   0.38639802
      1 39   0.40133166
      1 39   0.46005124
      1 39   0.49591398
      1 39   0.5809288
      1 39   0.60585827
      1 39   0.6560863
      1 4   0.05229978
      2 4   0.054405384
      1 4   0.05911111
      2 4   0.069010876
      2 4   0.0937126
      2 4   0.10379494
      1 4   0.14725617
      1 4   0.19188319
      2 4   0.21212418
      1 4   0.2322323
      1 4   0.23522505
      1 4   0.24378136
      2 4   0.24889693
      1 4   0.2651356
      2 4   0.28408903
      2 4   0.29148585
      2 4   0.29441568
      2 4   0.31763154
      2 4   0.32351905
      2 4   0.32837316
      1 4   0.3526713
      2 4   0.35940635
      1 4   0.3724811
      2 4   0.47881803
      2 4   0.512126
      2 4   0.5124302
      2 4   0.538278
      1 4   0.57751125
      1 4   0.6536629
      1 4   0.68543476
      1 4   0.6880909
      2 4   0.7318762
      1 4   0.7458624
      2 4   0.82476705
      1 4   0.8670713
      1 4   1.0423735
      1 40   0.05109433
      1 40   0.085756406
      1 40   0.09812802
      1 40   0.12159254
      1 40   0.13786764
      1 40   0.17011416
      1 40   0.20981339
      1 40   0.22998449
      1 40   0.2575146
      1 40   0.26828474
      1 40   0.31845325
      1 40   0.32262903
      1 40   0.35980177
      1 40   0.36031368
      1 40   0.36836722
      1 40   0.41264695
      1 40   0.41734892
      1 40   0.4209651
      1 40   0.43898553
      1 40   0.5617502
      1 40   0.62072444
      1 40   0.8943412
      1 41   0.0798475
      1 41   0.128797
      1 41   0.16143925
      1 41   0.17658393
      1 41   0.17894492
      1 41   0.25099808
      1 41   0.27655885
      1 41   0.298168
      1 41   0.41443452
      1 41   0.43648434
      1 41   0.4995072
      1 41   0.51684064
      1 41   0.53029454
      1 42   0.08164105
      1 42   0.19918373
      1 42   0.20618054
      1 42   0.2370355
      1 42   0.27933046
      1 42   0.28010246
      1 42   0.29087842
      1 42   0.32049924
      1 42   0.36941737
      1 42   0.37435597
      1 42   0.38889802
      1 42   0.42610276
      1 42   0.4418887
      1 42   0.45329475
      1 42   0.52651334
      1 42   0.53502023
      1 42   0.5595089
      1 42   0.90994376
      1 42   0.9315147
      1 42   1.1013741
      1 43   0.20612472
      1 43   0.29003087
      1 43   0.32569814
      1 43   0.34946308
      1 43   0.355817
      1 43   0.3671096
      1 43   0.38861287
      1 43   0.47784287
      1 43   0.50004256
      1 43   0.5266734
      1 44   0.13385022
      1 44   0.18488622
      2 44   0.18787168
      1 44   0.19446972
      1 44   0.26730165
      1 44   0.40627456
      1 44   0.41823462
      2 44   0.4207706
      1 44   0.42547458
      2 45   0.07466876
      2 45   0.15043584
      2 45   0.2230761
      2 45   0.23687866
      2 45   0.25920188
      2 45   0.32105356
      2 45   0.33093795
      2 45   0.3726744
      2 45   0.40305865
      2 45   0.42793682
      2 45   0.47695345
      2 45   0.49244267
      2 45   0.5086002
      2 45   0.6173364
      2 45   0.8601282
      2 45   1.0315897
      2 45   1.269274
      2 45   1.3342719
      1 46   0.06588431
      1 46   0.2179671
      1 46   0.22523564
      1 46   0.22876474
      1 46   0.31580085
      1 46   0.32445633
      1 46   0.36873695
      1 46   0.41599247
      1 46   0.43477976
      1 46   0.50638217
      1 46   0.5154321
      1 46   0.52452195
      1 46   0.5364211
      1 46   0.5755197
      1 46   0.9690282
      1 47   0.21813509
      1 47   0.23649827
      1 47   0.31048542
      1 47   0.33030507
      1 47   0.35219988
      1 47   0.363682
      1 47   0.42617902
      1 47   0.43634486
      1 47   0.5824613
      1 47   0.66732156
      1 47   1.0114421
      1 47   1.3465103
      1 48   0.145999
      1 48   0.21207479
      1 48   0.24128366
      1 48   0.2556843
      1 48   0.34139857
      1 48   0.5750251
      1 48   0.5949475
      1 48   0.74951506
      1 48   0.7899796
      1 48   1.0221121
      1 48   1.501766
      1 49   0.1653343
      1 49   0.2139539
      1 49   0.24207649
      1 49   0.24769774
      1 49   0.25778684
      1 49   0.2606599
      1 49   0.27570793
      1 49   0.31831092
      1 49   0.33621612
      1 49   0.3754956
      1 49   0.38979244
      1 49   0.4307214
      1 49   0.441745
      1 49   0.46413243
      1 49   0.4667902
      1 49   0.5728036
      1 49   0.69088703
      1 49   0.7744274
      1 49   0.79145414
      1 49   0.9033925
      1 5   0.0651483
      1 5   0.09453809
      1 5   0.12358108
      1 5   0.12785512
      1 5   0.16588639
      1 5   0.25704068
      1 5   0.32721496
      1 5   0.43302524
      1 5   0.43818069
      1 5   0.47729835
      1 5   0.4867343
      1 5   0.5278418
      1 5   0.6209041
      2 5   0.805925
      1 5   1.3366106
      1 50   0.093662314
      1 50   0.10052052
      1 50   0.13901873
      1 50   0.17650786
      1 50   0.23835275
      1 50   0.28108522
      1 50   0.31099012
      1 50   0.43253466
      1 50   0.5045338
      1 50   0.5578344
      1 50   0.651846
      1 50   1.1486374
      1 50   1.2807759
      1 50   1.4624658
      1 51   0.055967707
      1 51   0.19741517
      1 51   0.20738809
      1 51   0.2881145
      1 51   0.31634983
      1 51   0.33351246
      1 51   0.34141153
      1 51   0.3732013
      1 51   0.50304174
      1 51   0.66308796
      1 51   0.67055935
      1 51   0.79145414
      1 51   0.96701944
      1 51   1.1431355
      1 52   0.016422113
      1 52   0.19319487
      1 52   0.27927315
      1 52   0.3683574
      1 52   0.37052953
      1 52   0.43228745
      1 52   0.43750614
      1 52   0.49788243
      1 52   0.5530197
      1 52   0.57820153
      1 52   0.5817728
      1 52   0.602701
      1 52   0.74890625
      1 52   0.9371793
      1 52   1.0636163
      1 52   1.1617672
      1 52   1.2223761
      1 52   1.4080211
      1 52   1.471637
      1 52   1.6278105
      1 53   0.08287054
      1 53   0.33290222
      1 53   0.33324075
      1 53   0.35362136
      1 53   0.37873077
      1 53   0.40768838
      1 53   0.4230727
      1 53   0.5787021
      1 53   0.59342533
      1 53   0.63253117
      1 53   0.6475928
      1 53   0.67443544
      1 53   0.7173203
      1 53   0.85856426
      1 53   1.0410092
      1 53   1.130073
      1 53   1.2617848
      1 53   1.3555553
      1 53   1.4894705
      1 54   0.11212121
      1 54   0.15386324
      1 54   0.1985037
      1 54   0.31306595
      1 54   0.40416616
      1 54   0.4062487
      1 54   0.4416297
      1 54   0.48538038
      1 54   0.50110847
      1 54   0.5333573
      1 54   0.53658104
      1 54   0.55986667
      1 54   0.6238669
      1 54   0.63636804
      1 54   0.8658288
      1 54   0.91486514
      1 54   0.9309923
      1 54   0.9492496
      1 54   0.9706094
      1 54   1.162523
      1 54   1.3152392
      1 54   1.3286983
      1 54   1.3298041
      1 55   0.10320714
      1 55   0.5512856
      1 55   0.6786637
      1 55   0.7136054
      1 55   0.7971222
      1 55   1.107942
      1 55   1.3740761
      1 56   0.04433812
      1 56   0.0706512
      1 56   0.16500159
      1 56   0.1940811
      1 56   0.22263944
      1 56   0.2517234
      1 56   0.31154808
      1 56   0.33574158
      1 56   0.3430466
      1 56   0.35384476
      1 56   0.35969007
      1 56   0.3972615
      1 56   0.42816156
      1 56   0.44318452
      1 56   0.4681591
      1 56   0.59896886
      1 56   0.658213
      1 56   0.75052905
      1 56   0.85767114
      1 56   0.89024436
      1 56   0.99885243
      1 56   1.0957487
      1 56   1.1145874
      1 56   1.1253641
      2 56   1.1391281
      1 56   1.695684
      1 57   0.14521049
      1 57   0.16034532
      1 57   0.20244084
      1 57   0.2588509
      1 57   0.3276767
      1 57   0.44491193
      1 57   0.793366
      1 57   0.82330513
      1 58   0.14782216
      1 58   0.3453702
      1 58   0.36974317
      1 58   0.49329984
      1 58   0.6552632
      1 58   0.6652584
      1 58   0.6708391
      1 58   0.7098884
      1 58   0.729509
      1 58   0.8346255
      1 58   1.3411037
      1 58   1.3466474
      1 58   1.5608523
      1 59   0.13036528
      2 59   0.17809623
      1 59   0.18407215
      1 59   0.38125968
      1 59   0.58444315
      1 59   0.6045015
      2 59   0.63223666
      2 59   0.8841814
      1 59   0.9219562
      2 59   0.9608045
      1 59   1.1004415
      1 59   1.1213568
      1 6   0.02813489
      1 6   0.09497382
      1 6   0.12387171
      1 6   0.2402522
      1 6   0.30728003
      1 6   0.31983715
      1 6   0.34476393
      1 6   0.41984165
      1 6   0.42494094
      1 6   0.46949923
      1 6   0.64880455
      1 6   0.7711744
      1 6   1.3639821
      2 60   0.24605173
      2 60   0.26898277
      2 60   0.56232
      2 60   0.65501106
      2 60   0.74243486
      2 60   0.76910967
      1 60   0.8420434
      2 60   0.8480725
      1 60   0.8680655
      1 60   0.998754
      1 60   1.1712536
      1 60   1.2021809
      2 60   1.2524705
      2 60   1.3743154
      1 61   0.28101483
      1 61   0.29622743
      1 61   0.32500193
      1 61   0.7401125
      1 61   1.1095622
      1 61   1.1363332
      1 61   1.4848448
      1 62   0.2002273
      1 62   0.26378697
      1 62   0.44964474
      1 62   0.5734534
      1 62   0.6077318
      1 62   0.7401125
      1 62   0.76519513
      1 62   0.9095121
      1 62   1.3659477
      1 62   1.4604659
      1 62   1.605043
      1 63   0.38987803
      1 63   0.7660605
      1 63   1.2145318
      1 63   1.4436275
      1 63   1.5124712
      1 64   0.901246
      1 64   1.0049644
      1 64   1.0607495
      1 64   1.1482675
      1 64   1.3466474
      1 65   0.37293717
      1 65   0.37817395
      1 65   0.5229802
      1 65   0.52339673
      1 65   0.56492925
      1 65   0.76
      1 65   0.7801001
      1 65   0.794813
      1 65   0.972926
      1 65   1.0180764
      1 65   1.0669177
      1 65   1.1024505
      1 65   1.164821
      1 65   1.2005757
      1 65   1.2926131
      1 65   1.3327477
      1 65   1.3803445
      1 65   1.5016584
      2 65   1.5510081
      1 65   1.6059322
      1 65   1.6344312
      1 66   0.20360407
      1 66   0.2961225
      1 66   0.7537433
      1 66   0.84772027
      1 66   0.8688196
      1 66   0.929718
      1 66   0.9547812
      1 66   1.5124712
      1 66   1.6417202
      1 66   1.6765616
      1 66   1.6925117
      1 67   0.06093848
      1 67   0.2272249
      1 67   0.3662895
      1 67   0.43363184
      1 67   0.51152956
      1 67   0.53868574
      1 67   0.5906027
      1 67   0.62301373
      1 67   1.0256724
      1 67   1.2977438
      1 68   0.0030793948
      1 68   0.028461197
      1 68   0.5021783
      1 68   0.5900926
      1 68   0.8094442
      1 68   0.8775655
      1 68   1.3983788
      1 68   1.6241353
      1 69   0.11050741
      1 69   0.22490436
      1 69   0.2644072
      1 69   0.39683145
      1 69   0.5366089
      1 69   0.685092
      1 69   0.81727517
      1 69   0.9095121
      1 69   1.514417
      2 7   0.048787177
      1 7   0.07006179
      2 7   0.10909442
      2 7   0.1155407
      1 7   0.11619836
      2 7   0.14301442
      1 7   0.14551212
      1 7   0.16576758
      1 7   0.2296693
      2 7   0.27789676
      1 7   0.27954552
      2 7   0.29830343
      2 7   0.34338507
      2 7   0.37148845
      2 7   0.38686737
      2 7   0.42542765
      1 7   0.43030253
      2 7   0.50574195
      1 7   0.5258317
      2 7   0.5554482
      2 7   0.62288404
      1 7   0.63792014
      1 7   0.6636328
      1 7   0.72083765
      1 7   0.7316321
      1 7   0.7428315
      2 7   0.77170074
      2 70   0.541069
      2 70   0.7347389
      2 71   1.5506195
      2 71   1.5664542
      2 72   0.1298385
      2 72   0.4176746
      2 72   0.8342033
      2 72   1.0000124
      2 72   1.0610057
      2 73   0.5900926
      2 73   1.3198241
      2 73   1.5580473
      2 74   0.10173603
      2 75   0.7005648
      2 75   1.0565971
      2 75   1.076448
      1 75   1.1166263
      2 75   1.1701899
      1 75   1.5424541
      1 76   0.3389262
      1 76   0.4183195
      1 76   1.3643107
      1 76   1.7643654
      1 77   0.5900926
      1 77   1.083775
      1 77   1.133332
      1 78   0.9480658
      1 78   1.055174
      1 79   0.9214232
      2 8   0.044477705
      1 8   0.06956343
      1 8   0.077433236
      1 8   0.12711316
      1 8   0.15369542
      1 8   0.15601328
      1 8   0.18483788
      1 8   0.20440814
      1 8   0.22413121
      1 8   0.24121845
      2 8   0.2565153
      2 8   0.26919872
      1 8   0.27330875
      1 8   0.27942082
      1 8   0.29395282
      1 8   0.29911676
      1 8   0.3202117
      1 8   0.33938116
      1 8   0.3412919
      1 8   0.34291923
      1 8   0.35256147
      1 8   0.36369586
      1 8   0.39254564
      1 8   0.39629003
      1 8   0.5365373
      1 8   0.5639836
      1 8   0.5657983
      1 8   0.5744333
      1 8   0.6258528
      1 8   0.6308383
      1 8   0.6779888
      1 8   0.94787323
      1 8   1.0808563
      1 8   1.1151757
      1 80   0.61916107
      1 80   0.7323717
      1 80   0.88821363
      1 80   0.8931311
      1 80   1.1787508
      1 80   1.2065133
      1 80   1.2961092
      1 80   1.5327309
      1 81   0.32684717
      1 81   1.6633377
      1 83   1.1734798
      1 84   1.0866661
      2 85   0.60392433
      2 85   0.7028049
      2 85   0.76702946
      2 85   1.1699288
      2 85   1.1805139
      2 85   1.2782772
      2 85   1.3160006
      2 85   1.5487325
      1 86   1.4724433
      1 89   0.93335104
      1 9   0.0
      1 9   0.04374718
      1 9   0.078537196
      1 9   0.13958994
      1 9   0.14303242
      1 9   0.23728766
      1 9   0.26430115
      1 9   0.3337927
      1 9   0.3438241
      1 9   0.4305829
      1 9   0.45733407
      1 9   0.459818
      1 9   0.47158474
      1 9   0.575479
      1 9   0.6016567
      1 9   0.6127311
      1 9   0.6601846
      1 9   0.7463875
      1 9   0.77763724
      1 9   0.782328
      1 9   1.317993
