   1   0.07495741
   1   0.016500903
   1   0.025477163
   1   0.02282688
   1   0.010156907
   1   0.005228892
   1   0.0154470485
   1   0.0062761507
   1   0.011505048
   1   0.08291393
   1   0.023660613
   1   0.02273622
   1   0.1504919
   1   0.001224215
   1   0.024962978
   1   0.13837181
   1   0.009541455
   1   0.008821502
   1   0.0114524495
   1   0.01983799
   1   0.004171779
   1   0.09054789
   1   0.010093364
   1   0.007736944
   1   0.020382486
   1   0.021262176
   1   0.090751044
   1   0.057101026
   1   0.07442336
   1   0.02903143
   1   0.10683243
   1   0.14164627
   1   0.012803133
   1   0.17128949
   1   0.019634496
   1   0.012425827
   1   0.024243947
   1   0.014337641
   1   0.034731325
   1   0.03360919
   1   0.12833169
   1   0.051637534
   1   0.013974288
   1   0.0
   1   0.03581315
   1   0.005452516
   1   0.05883589
   1   0.046116505
   1   0.008285212
   1   0.054077856
   1   0.010396975
   2   0.03197457
   2   0.24111287
   2   0.08912519
   2   0.024431499
   2   0.092388056
   2   0.021408744
   2   0.009295068
   2   0.16213973
   2   0.13837181
   2   0.02373836
   2   0.06610983
   2   0.040437385
   2   0.040318105
   3   0.09396949
   3   0.12338858
   3   0.09242589
   3   0.07114443
   3   0.03781312
   3   0.14012673
   3   0.01147671
   3   0.013941439
   3   0.06089282
   4   0.09170432
   4   0.087883145
   4   0.023932828
   4   0.04028133
   4   0.023833169
   4   0.1445798
   4   0.103504844
   4   0.008987417
   4   0.033242505
   4   0.09055267
   2   0.031012796
   2   0.060795516
   2   0.05216484
   2   0.033618346
   2   0.09084993
   2   0.07391813
   3   0.03555462
   3   0.05533199
   3   0.17397556
   3   0.07474185
   3   0.030222222
   3   0.033838052
   3   0.06257982
   3   0.21402597
   3   0.15910411
   3   0.14791474
   4   0.067159764
   4   0.014723957
   4   0.06167706
   4   0.037659034
   4   0.17457847
   4   0.02717508
   4   0.0695561
   5   0.18896551
   5   0.11515878
   5   0.04246759
   5   0.15013096
   5   0.012564055
   5   0.024888728
   5   0.00524252
   5   0.056625802
   5   0.010256062
   5   0.12968491
   5   0.12869012
   5   0.13118483
   5   0.15266456
   5   0.274949
   5   0.035464197
   5   0.102031
   6   0.003914928
   6   0.03356632
   6   0.2020936
   6   0.0288921
   6   0.08789904
   7   0.070799194
   7   0.036763348
   7   0.032953106
   7   0.13310915
   7   0.026663547
   7   0.004772346
   7   0.013839334
   7   0.022937711
   7   0.04320528
   7   0.077080406
   7   0.10743286
   7   0.088181816
   7   0.0112433
   7   0.04962406
   8   0.038631644
   8   0.0045874347
   8   0.030731056
   8   0.0777939
   8   0.03429908
   8   0.077705726
   8   0.07577938
   8   0.11620097
   8   0.023459494
   8   0.03420523
   8   0.2353878
   8   0.072183445
   8   0.092336856
   8   0.014461743
   8   0.056286883
   8   0.10650681
   8   0.07920146
   8   0.028729333
   8   0.15946522
   8   0.056645416
   8   0.10516052
   8   0.12079881
   8   0.2215931
   8   0.19324869
   8   0.14791606
   8   0.009779151
   8   0.055661578
   8   0.026009483
   8   0.014270249
   8   0.0306437
   8   0.060621325
   8   0.012701613
   8   0.07043309
   8   0.10746121
   9   0.16202638
   9   0.10887621
   9   0.12998396
   9   0.059590973
   9   0.01110181
   9   0.16795824
   9   0.26182508
   9   0.033532932
   9   0.12038772
   9   0.10408759
   9   0.014629605
   10   0.02010002
   10   0.05696428
   10   0.1372895
   10   0.027072016
   10   0.022297045
   10   0.11592307
   10   0.06621595
   10   0.07513755
   10   0.0507359
   10   0.030105438
   10   0.054721583
   10   0.0304069
   10   0.03593778
   10   0.2389925
   10   0.11482101
   10   0.019055767
   10   0.041697692
   9   0.0
   9   0.06795105
   9   0.022710888
   9   0.022641122
   9   0.07608695
   9   0.19596231
   9   0.0050351787
   9   0.12279398
   9   0.08022027
   11   0.108049706
   11   0.17173077
   11   0.06174751
   11   0.100410774
   11   0.061002422
   11   0.063333526
   11   0.070799194
   11   0.1836214
   11   0.08496806
   11   0.035457596
   12   0.024209043
   12   0.07698108
   12   0.0016254677
   12   0.034054488
   12   0.0715394
   12   0.109307356
   12   0.05815401
   12   0.033418294
   12   0.11217877
   12   0.26511708
   12   0.044707797
   12   0.074571766
   12   0.010968384
   12   0.052196793
   13   0.09026267
   13   0.10475926
   13   0.22202522
   13   0.14971274
   13   0.051540054
   13   0.042046
   13   0.109307356
   13   0.17212626
   13   0.11512601
   13   0.15656002
   13   0.040846683
   13   0.047641363
   13   0.019626284
   13   0.08461836
   13   0.07516269
   14   0.006947545
   14   0.08550311
   14   0.016311916
   14   0.13115044
   14   0.042758394
   14   0.012774075
   14   0.009155322
   14   0.12466307
   14   0.040027384
   14   0.08122942
   14   0.08782161
   14   0.22866538
   14   0.053488802
   14   0.010842105
   14   0.07731247
   14   0.095110066
   14   0.024751179
   14   0.025476366
   14   0.06989017
   14   0.020176696
   14   0.010044504
   15   0.04036504
   15   0.15055211
   15   0.22233692
   15   0.12989211
   15   0.05904971
   15   0.105569005
   15   0.031086273
   15   0.20376417
   15   0.3481949
   15   0.05874955
   15   0.018369269
   15   0.016270686
   15   0.051329624
   15   0.04172377
   16   0.06031941
   16   0.18079531
   16   0.08463316
   16   0.015167502
   16   0.18030886
   16   0.013554807
   16   0.03886798
   16   0.19494514
   16   0.17321695
   16   0.1341683
   16   0.045627378
   16   0.0040421
   16   0.17434508
   16   0.010745935
   16   0.2769854
   16   0.16361168
   16   0.08037795
   16   0.046858072
   16   0.046613183
   16   0.0807369
   16   0.21028106
   16   0.313386
   16   0.1272011
   16   0.0031065152
   16   0.02920312
   16   0.01333488
   16   0.103676915
   16   0.041430663
   16   0.03459599
   16   0.06972505
   16   0.013737592
   16   0.056421325
   16   0.026968129
   17   0.026789915
   17   0.03300858
   17   0.0630989
   17   0.27653164
   17   0.04941885
   17   0.29762
   17   0.0362055
   17   0.07152474
   17   0.013218189
   17   0.043508872
   17   0.0025126229
   17   0.056663424
   17   0.016931076
   17   0.015527951
   17   0.05874955
   17   0.08450395
   17   0.14444228
   17   0.07529602
   17   0.10972865
   17   0.12605043
   17   0.093361
   17   0.046524283
   17   0.04493063
   17   0.014691641
   17   0.06344911
   18   0.057872497
   18   0.13556701
   18   0.11159613
   18   0.048612405
   18   0.27399153
   18   0.09078712
   18   0.022822032
   18   0.025194962
   18   0.090567455
   18   0.019611187
   18   0.09051645
   18   0.03905229
   18   0.17183878
   18   0.007063841
   18   0.033973884
   18   0.044927057
   18   0.07938367
   18   0.021731203
   18   0.1203125
   18   0.05434051
   18   0.10429448
   18   0.03490119
   18   0.17269841
   18   0.08546755
   18   0.02699784
   18   0.089332715
   18   0.009309034
   18   0.028359115
   18   0.026968129
   19   0.075558886
   19   0.014542217
   19   0.017169781
   19   0.011321532
   19   0.022526637
   19   0.03605415
   19   0.061633386
   19   0.03115727
   19   0.04472077
   19   0.013671128
   20   0.09649568
   20   0.01881233
   20   0.059929308
   20   0.04904176
   20   0.1321456
   20   0.04846867
   20   0.030713301
   20   0.021929825
   20   0.012836357
   20   0.023311228
   20   0.013724809
   20   0.011960736
   20   0.03671706
   20   0.07509541
   20   0.028011657
   20   0.043236114
   20   0.17249152
   20   0.011246146
   21   0.011978807
   21   0.0469332
   21   0.056009114
   21   0.04361816
   21   0.0064655175
   21   0.062379245
   21   0.008167331
   21   0.06344911
   21   0.011246146
   21   0.024494112
   21   0.03460026
   21   0.037780236
   21   0.043613285
   21   0.09161491
   21   0.04446119
   21   0.022180859
   21   0.17514336
   21   0.06857357
   22   0.07126552
   22   0.034463465
   22   0.031752057
   22   0.028693529
   22   0.106302485
   22   0.018677775
   22   0.022841537
   22   0.10595138
   22   0.08787542
   22   0.022341857
   22   0.03607666
   22   0.03494901
   22   0.05033557
   22   0.05250416
   22   0.038206924
   22   0.08513156
   23   0.03407952
   23   0.027385445
   23   0.017667316
   23   0.039577123
   23   0.030392801
   23   0.049687397
   23   0.024439508
   23   0.017395888
   23   0.052253757
   23   0.022563387
   23   0.024292206
   23   0.02980951
   23   0.08904241
   23   0.038468145
   24   0.075753145
   24   0.28227162
   24   0.035168905
   24   0.07546287
   24   0.031712193
   24   0.03289839
   24   0.05252147
   24   0.029683378
   24   0.02851776
   24   0.025474645
   24   0.024469608
   24   0.076683596
   24   0.025871834
   24   0.042460773
   24   0.05085404
   24   0.030298462
   24   0.07567623
   24   0.062379245
   24   0.03864279
   25   0.036044814
   25   0.063743405
   25   0.060113017
   25   0.053694844
   25   0.1029299
   25   0.012721602
   25   0.0807987
   25   0.026701003
   25   0.032997765
   25   0.06323456
   25   0.018649856
   25   0.050469484
   25   0.042503346
   25   0.010190519
   25   0.020954024
   25   0.044620775
   25   0.27986652
   25   0.030800821
   25   0.049925484
   25   0.015983576
   25   0.018083462
   25   0.012246897
   25   0.04618676
   25   0.008235845
   25   0.00833814
   25   0.008578027
   25   0.021812553
   25   0.045750193
   28   0.012676367
   28   0.051948052
   28   0.043778304
   28   0.0029963818
   28   0.08479986
   28   0.053273257
   28   0.039140705
   28   0.03491124
   28   0.04900925
   28   0.04008562
   28   0.072390825
   28   0.033333335
   28   0.03745372
   28   0.025178505
   28   0.03808955
   28   0.032165073
   28   0.020510975
   28   0.019742038
   28   0.014378866
   29   0.020939086
   29   0.06386025
   29   0.05767823
   29   0.023062292
   29   0.06021898
   29   0.030454546
   26   0.083701216
   26   0.021885976
   26   0.034986652
   26   0.07834758
   27   0.0121881105
   27   0.006523682
   27   0.0057960832
   27   0.043598138
   27   0.040156037
   27   0.047148287
   27   0.07970266
   27   0.034172926
   27   0.07222659
   27   0.03073286
   27   0.014414415
   27   0.038250756
   27   0.027695717
   27   0.05117935
   27   0.008974027
   27   8.838384E-4
   27   0.017509157
   27   0.022076579
   27   0.044631578
   27   0.029575782
   25   0.062333826
   25   0.05661882
   25   0.050939877
   25   0.042498626
   25   0.058487874
   25   0.059410572
   26   0.0041694096
   26   0.025012676
   26   0.023661459
   26   0.018766066
   26   0.057193138
   26   0.004333024
   26   0.09535759
   26   0.027534278
   26   0.07239479
   26   0.032377858
   26   0.150504
   26   0.0039047247
   26   0.01754594
   26   0.036234263
   26   0.05101695
   26   0.04005253
   26   0.012806324
   26   0.037926234
   26   0.04325739
   26   0.03422983
   26   0.07016597
   26   0.023269342
   26   0.0799373
   26   0.13066933
   27   0.050066315
   27   0.027827827
   29   0.02718136
   29   0.021814007
   29   0.03971519
   29   0.04082766
   29   0.10912052
   29   0.027305512
   29   0.07673676
   29   0.06642391
   29   0.011681525
   29   0.03438705
   29   0.011239278
   29   0.021047227
   29   0.079213284
   29   0.016407236
   30   0.04463691
   30   0.08513794
   30   0.0070806444
   30   0.043598138
   30   0.06381212
   30   0.05406049
   30   0.21394888
   30   0.008382379
   30   0.08473282
   30   0.035769563
   30   0.018476672
   30   0.06347224
   30   0.021914322
   30   0.027232308
   30   0.06747759
   30   0.03226837
   30   0.21542738
   30   0.038909476
   30   0.03747821
   30   0.0069873063
   30   0.034635223
   30   0.010253018
   30   0.032827757
   30   0.020711973
   30   0.035315502
   30   0.04028331
   30   0.045333333
   30   0.11136767
   30   0.056161247
   30   0.071539655
   30   0.041769292
   31   0.021887634
   31   0.031749163
   31   0.045857143
   31   0.085546955
   31   0.029044835
   31   0.11771212
   31   0.032902032
   31   0.01818462
   31   0.1357676
   31   0.038988408
   31   0.07482162
   31   0.015206754
   31   0.06361186
   31   0.047657512
   31   0.009149941
   32   0.05747996
   32   0.020251563
   32   0.024006195
   32   0.02494331
   32   0.0375
   32   0.01992865
   32   0.020168684
   32   0.02364865
   32   0.052473765
   32   0.05299105
   32   0.14517906
   32   0.051086202
   32   0.019359037
   32   0.046363324
   32   0.033681765
   32   0.034359537
   32   0.18358113
   32   0.09355528
   32   0.005373795
   32   0.022843031
   32   0.08865765
   32   0.024486857
   32   0.09715796
   32   0.0424172
   32   0.020510975
   32   0.037333332
   32   0.07042062
   32   0.0660864
   32   0.022395005
   32   0.07704897
   32   0.061384533
   32   0.0076234927
   32   0.033771668
   33   0.03402791
   33   0.016111234
   33   0.06817789
   33   0.033707865
   33   0.018857758
   33   0.021954674
   33   0.05710378
   33   0.02218913
   33   0.09961798
   33   0.02474331
   33   0.13127413
   34   0.06467841
   34   0.09370673
   34   0.043534644
   34   0.09617589
   34   0.043545578
   34   0.015481699
   34   0.047312304
   34   0.071428575
   34   0.015472168
   34   0.08977201
   34   0.050185468
   34   0.039184432
   34   0.031132167
   35   0.018248638
   35   0.02241021
   35   0.006972596
   35   0.072336525
   35   0.044588342
   35   0.033327162
   35   0.012980529
   35   0.015435764
   35   0.021975202
   35   0.012824427
   35   0.01659529
   35   0.01719093
   35   0.0297322
   35   0.04518976
   35   0.06566632
   35   0.039571557
   35   0.027640846
   35   0.046878982
   35   0.018795323
   35   0.07805204
   35   0.08790024
   36   0.03761885
   36   0.08019199
   36   0.059193954
   36   0.040895447
   36   0.019146005
   36   0.02161654
   36   0.019326402
   36   0.13220508
   36   0.018678
   36   0.007009858
   36   0.041154925
   36   0.022636944
   36   0.034410246
   36   0.031806827
   36   0.087168664
   36   0.054876693
   36   0.061099406
   36   0.072218604
   36   0.032179225
   36   0.06022489
   36   0.025635209
   36   0.028474033
   36   0.040692788
   36   0.054020323
   36   0.017806357
   36   0.05742574
   36   0.004340749
   37   0.053481665
   37   0.028965982
   37   0.1400545
   37   0.011313784
   37   0.008809495
   37   0.04639175
   37   0.042744983
   37   0.04058731
   37   0.08499493
   37   0.028447744
   37   0.13198663
   37   0.044276875
   37   0.047699027
   37   0.042857144
   37   0.054102797
   38   0.055308644
   38   0.06888271
   38   0.041314427
   38   0.013568178
   38   0.048062593
   38   0.02670516
   38   0.08275726
   38   0.012993657
   38   0.027387211
   38   0.047119547
   38   0.12804656
   38   0.05754231
   38   0.034604996
   38   0.01652134
   38   0.007209063
   38   0.078020684
   38   0.085270464
   38   0.039616294
   38   0.05210643
   38   0.049787134
   39   0.012220158
   39   0.021607222
   39   0.045020796
   39   0.070074394
   39   0.016241705
   39   0.056733962
   39   0.035192203
   39   0.010086455
   39   0.03962313
   39   0.05866616
   39   0.08412807
   39   0.03300838
   39   0.014027149
   39   0.013062777
   39   0.024892977
   39   0.062179707
   39   0.0241184
   39   0.096900634
   39   0.047290947
   39   0.03181576
   39   0.062234566
   39   0.02369219
   39   0.042144407
   39   0.040124834
   39   0.11854684
   40   0.023310388
   40   0.021151586
   40   0.15870658
   40   0.028902734
   40   0.01939383
   40   0.011188812
   40   0.04945762
   40   0.04584041
   40   0.0511742
   40   0.046641547
   40   0.04391892
   40   0.07603636
   40   0.046995707
   40   0.010037216
   40   0.07810705
   40   0.053048298
   40   0.043123756
   40   0.013266509
   40   0.026886238
   40   0.093727574
   40   0.03139634
   40   0.013942573
   40   0.047266748
   41   0.01502549
   41   0.03162979
   41   0.056508444
   41   0.028756477
   41   0.020234894
   41   0.054343406
   41   0.01174089
   41   0.044322345
   41   0.06265458
   41   0.024927396
   41   0.028811038
   41   0.064341664
   41   0.020195354
   42   0.015727125
   42   0.07348471
   42   0.03864585
   42   0.042517226
   42   0.059464425
   42   0.059785385
   42   0.1623881
   42   0.077078834
   42   0.0318548
   42   0.097105265
   42   0.04014391
   42   0.06704375
   42   0.027677694
   42   0.01851125
   42   0.05116499
   42   0.03891179
   42   0.079134375
   42   0.21488883
   42   0.12275862
   42   0.03258326
   43   0.025831504
   43   0.084187806
   43   0.059420466
   43   0.051611543
   43   0.07675
   43   0.047354728
   43   0.051179897
   43   0.046614874
   43   0.041296624
   43   0.07664066
   43   0.1049158
   44   0.036486063
   44   0.038561642
   44   0.03249563
   44   0.056277674
   44   0.014217483
   44   0.063053295
   44   0.03201621
   44   0.1248442
   44   0.032189194
   45   0.014722326
   45   0.052441955
   45   0.05085077
   45   0.0881377
   45   0.0799203
   45   0.030690314
   45   0.050258175
   45   0.26759148
   45   0.25231358
   45   0.3117247
   45   0.06575442
   45   0.053097345
   45   0.06613757
   45   0.033964094
   45   0.038055595
   45   0.08036906
   45   0.09035687
   45   0.14079422
   46   0.015666096
   46   0.025868509
   46   0.036672726
   46   0.07588906
   46   0.07070524
   46   0.056185156
   46   0.0691812
   46   0.03236763
   46   0.07973744
   46   0.029222906
   46   0.037117902
   46   0.06186531
   46   0.09006441
   46   0.17300987
   47   0.02992248
   47   0.031179022
   47   0.03421562
   47   0.05740833
   47   0.09854015
   47   0.08310525
   47   0.18964615
   47   0.053255264
   47   0.05595616
   47   0.0658196
   47   0.08506508
   47   0.26769567
   48   0.07248784
   48   0.037465125
   48   0.03150418
   48   0.12964103
   48   0.02221223
   48   0.020580838
   48   0.32147467
   48   0.13000765
   48   0.23638268
   48   0.16277196
   48   0.045515757
   49   0.05556831
   49   0.020665038
   49   0.034855768
   49   0.042474985
   49   0.07717493
   49   0.042809445
   49   0.07468178
   49   0.019684672
   49   0.06674103
   49   0.17620529
   49   0.0814778
   49   0.053015713
   49   0.0672503
   49   0.09109109
   49   0.073584475
   49   0.069176555
   49   0.11078632
   49   0.030745381
   49   0.04025895
   49   0.23762849
   49   0.047836937
   50   0.041402023
   50   0.018181818
   50   0.014183522
   50   0.087771036
   50   0.19905214
   50   0.30825847
   50   0.07292484
   50   0.03961039
   50   0.14300549
   50   0.25919676
   50   0.022091188
   50   0.06624927
   50   0.09746467
   50   0.014552605
   51   0.040541597
   51   0.04192229
   51   0.1300904
   51   0.135214
   51   0.10140258
   51   0.049022388
   51   0.041498993
   51   0.037685387
   51   0.054817274
   51   0.10232917
   51   0.25684145
   51   0.040352754
   51   0.016924739
   51   0.11078632
   52   0.002201604
   52   0.035671618
   52   0.05420054
   52   0.027699316
   52   0.11988884
   52   0.10300158
   52   0.051917404
   52   0.049722664
   52   0.06051873
   52   0.297322
   52   0.33694145
   52   0.08221626
   52   0.05437326
   52   0.056956116
   52   0.25319898
   52   0.08285509
   52   0.19981615
   52   0.29520983
   52   0.14240955
   52   0.3129305
   52   0.15211283
   53   0.08791448
   53   0.036288716
   53   0.07255521
   53   0.26232648
   53   0.07319605
   53   0.0866775
   53   0.04690194
   53   0.08813626
   53   0.1606318
   53   0.06641828
   53   0.009507762
   53   0.12933874
   53   0.12998918
   53   0.28793275
   53   0.112930626
   53   0.28995416
   53   0.1905934
   53   0.21498507
   53   0.081238575
   54   0.008814771
   54   0.08349206
   54   0.06937014
   54   0.056629833
   54   0.06882946
   54   0.1933903
   54   0.1896002
   54   0.25854766
   54   0.1014476
   54   0.18778609
   54   0.2509072
   54   0.031794522
   54   0.069924176
   54   0.25858495
   54   0.0688821
   54   0.039815526
   54   0.14076753
   54   0.028039671
   54   0.21218796
   54   0.1394401
   54   0.028036384
   54   0.05551299
   54   0.13577142
   55   0.11324858
   55   0.068500206
   55   0.096269555
   55   0.21854383
   55   0.020064205
   55   0.099801786
   55   0.24764557
   56   0.016682863
   56   0.09717933
   56   0.07107232
   56   0.053538077
   56   0.059762545
   56   0.056051515
   56   0.011209677
   56   0.05441008
   56   0.21427354
   56   0.21427354
   56   0.2052354
   56   0.20552148
   56   0.35039818
   56   0.055818852
   56   0.036589965
   56   0.041474078
   56   0.21606399
   56   0.1747501
   56   0.11357616
   56   0.18013822
   56   0.103459895
   56   0.19735146
   56   0.027887415
   56   0.24304083
   56   0.033961594
   56   0.04891654
   56   0.04257459
   57   0.02863137
   57   0.07818819
   57   0.015574449
   57   0.039303344
   57   0.029816985
   57   0.1255024
   57   0.07946193
   57   0.015578105
   58   0.10161113
   58   0.08515284
   58   0.036000386
   58   0.05647092
   58   0.3115558
   58   0.118004866
   58   0.28240585
   58   0.08648556
   58   0.07500367
   58   0.14234748
   58   0.15317726
   58   0.25844708
   58   0.10885655
   59   0.07759004
   59   0.12932724
   59   0.017499605
   59   0.05316092
   59   0.08796117
   59   0.1408831
   59   0.050947867
   59   0.018731778
   59   0.28413555
   59   0.19208834
   59   0.23880276
   59   0.18705934
   59   0.027088773
   60   0.09690031
   60   0.025282452
   60   0.16275601
   60   0.1449562
   60   0.2549313
   60   0.23763563
   60   0.12156863
   60   0.04803432
   60   0.08407913
   60   0.19867183
   60   0.08407913
   60   0.271206
   60   0.14248425
   60   0.1767784
   60   0.23305053
   61   0.042140085
   61   0.052863438
   61   0.2870319
   61   0.20639665
   61   0.2435731
   61   0.11626151
   61   0.04947117
   62   0.06620015
   62   0.27800617
   62   0.013795182
   62   0.048045397
   62   0.159031
   62   0.08006026
   62   0.11626151
   62   0.18277529
   62   0.28095725
   62   0.27578846
   62   0.30974996
   62   0.09468044
   63   0.082145944
   63   0.29652756
   63   0.071687914
   63   0.32430255
   63   0.24065872
   64   0.23287448
   64   0.25844708
   64   0.15807582
   64   0.18758495
   64   0.18782134
   65   0.11553604
   65   0.32861394
   65   0.3204996
   65   0.31193236
   65   0.10138469
   65   0.30752406
   65   0.20814453
   65   0.20982726
   65   0.04741239
   65   0.18438818
   65   0.22852081
   65   0.24440299
   65   0.266766
   65   0.043719735
   65   0.24069278
   65   0.19174549
   65   0.07494851
   65   0.26681212
   65   0.23287216
   65   0.106020704
   65   0.09753028
   66   0.0366415
   66   0.12213115
   66   0.33864528
   66   0.0638327
   66   0.19302465
   66   0.18566869
   66   0.32430255
   66   0.17596577
   66   0.18677396
   66   0.3483427
   66   0.34283748
   67   0.025453469
   67   0.049102068
   67   0.004875251
   67   0.05823841
   67   0.14803126
   67   0.1429146
   67   0.06361668
   67   0.21790235
   67   0.2639908
   67   0.075834416
   68   0.14285715
   68   7.223618E-4
   68   0.0028178291
   68   0.18735632
   68   0.29432255
   68   0.32755443
   68   0.05983853
   68   0.0538971
   69   0.072094694
   69   0.056004535
   69   0.008861551
   69   0.18277529
   69   0.113745615
   69   0.14518367
   69   0.27401564
   69   0.061009176
   69   0.040105622
   70   0.16404116
   70   0.1843094
   71   0.3205927
   71   0.30790317
   72   0.014454209
   72   0.1634251
   72   0.1977591
   72   0.23666808
   72   0.06382374
   73   0.3143244
   73   0.05983853
   73   0.26329258
   74   0.011038894
   75   0.23610578
   75   0.19335307
   75   0.097529426
   75   0.16005813
   75   0.20278259
   75   0.31831065
   76   0.035368133
   76   0.26730424
   76   0.35051095
   76   0.060183086
   77   0.05983853
   77   0.2355201
   77   0.21777159
   78   0.14978838
   78   0.15192044
   79   0.16008526
   80   0.12564886
   80   0.30521172
   80   0.0942123
   80   0.24052718
   80   0.18912981
   80   0.23335153
   80   0.1312074
   80   0.16189207
   81   0.12389571
   81   0.32729885
   83   0.16537437
   84   0.12927896
   85   0.2680203
   85   0.1375
   85   0.20089978
   85   0.1519456
   85   0.26882583
   85   0.2601784
   85   0.30832696
   86   0.3216696
   89   0.1393151
