      1 1   0.0
      1 1   0.014818151
      1 1   0.037555248
      1 1   0.038136598
      1 1   0.053288937
      1 1   0.056635413
      1 1   0.061981656
      2 1   0.08234999
      1 1   0.08549211
      2 1   0.09358316
      1 1   0.09578452
      1 1   0.098147534
      1 1   0.09882858
      1 1   0.0992778
      1 1   0.107884735
      1 1   0.10867483
      1 1   0.1118869
      1 1   0.118052036
      1 1   0.12971273
      1 1   0.14450373
      1 1   0.1468998
      1 1   0.14986975
      1 1   0.15675166
      1 1   0.15993525
      1 1   0.16500965
      2 1   0.181112
      1 1   0.19016667
      1 1   0.20076051
      2 1   0.20587651
      1 1   0.20956138
      1 1   0.23854443
      1 1   0.24188061
      1 1   0.24660876
      1 1   0.24726439
      1 1   0.2499941
      1 1   0.2641891
      1 1   0.32243267
      1 1   0.32530645
      1 1   0.3331287
      1 1   0.35966256
      1 1   0.38832155
      1 1   0.39779544
      1 1   0.4059128
      1 1   0.42059526
      1 1   0.43772712
      1 1   0.4418325
      1 1   0.4486678
      1 1   0.48442045
      1 1   0.51011205
      1 1   0.52962446
      1 1   0.563318
      1 1   0.60508674
      1 10   0.13738462
      1 16   0.041505884
      1 16   0.1401751
      1 16   0.1831663
      1 16   0.19825861
      1 16   0.2457656
      1 16   0.26556978
      1 16   0.29979393
      1 16   0.34961873
      1 16   0.43895113
      1 16   0.456513
      1 16   0.47775632
      1 16   0.576077
      1 16   0.5771665
      1 16   0.77155423
      1 16   0.78571904
      1 16   0.89661694
      1 16   1.0959736
      1 16   1.766021
      2 16   1.7800715
      1 17   0.027970573
      1 17   0.0761147
      1 17   0.1018893
      1 17   0.15098077
      1 17   0.17137161
      1 17   0.19350298
      1 17   0.28667784
      1 17   0.32324308
      1 17   0.33553794
      1 17   0.3508302
      1 17   0.36148804
      1 17   0.38593394
      1 17   0.4031001
      1 17   0.46430388
      1 17   0.4759637
      1 17   0.5211582
      1 17   0.59961367
      1 17   0.6431649
      1 17   0.6799796
      1 17   0.6923229
      1 17   0.7198695
      1 17   0.84641165
      1 17   0.85242945
      1 17   1.5446303
      1 17   1.6577553
      1 18   0.09083283
      1 18   0.1396094
      1 18   0.1401751
      1 18   0.14138862
      1 18   0.19781217
      1 18   0.25705823
      1 18   0.25886077
      1 18   0.2780703
      1 18   0.3045991
      1 18   0.30765203
      1 18   0.30972424
      1 18   0.32859683
      1 18   0.38706106
      1 18   0.41976747
      1 18   0.43756035
      1 18   0.5333443
      1 18   0.54316145
      1 18   0.54882693
      1 18   0.55317163
      1 18   0.5945549
      1 18   0.61847806
      1 18   0.6602565
      1 18   0.6963852
      1 18   0.82967335
      1 18   0.8519528
      1 18   0.8735041
      1 18   1.004889
      1 18   1.6961694
      1 19   0.06982604
      1 19   0.08553608
      1 19   0.09685028
      1 19   0.18462908
      1 19   0.26503667
      1 19   0.27663645
      1 19   0.29850534
      1 19   0.37623316
      1 19   0.39654803
      1 19   0.53904575
      1 2   0.050983094
      1 2   0.16101108
      1 2   0.16629153
      1 2   0.17470586
      1 2   0.17552307
      1 2   0.2014877
      1 2   0.212708
      1 2   0.22767322
      1 2   0.24181844
      1 2   0.26787913
      1 2   0.28507683
      1 2   0.30895755
      1 2   0.3307103
      1 2   0.39580327
      1 2   0.4059128
      1 2   0.47125092
      1 2   0.5040613
      1 2   0.6538877
      1 2   1.1182253
      1 20   0.055374533
      1 20   0.08112644
      1 20   0.097232595
      1 20   0.11644368
      1 20   0.15058865
      1 20   0.1512407
      1 20   0.17684656
      1 20   0.19810292
      1 20   0.2504926
      1 20   0.31280583
      1 20   0.37038863
      1 20   0.4150762
      1 20   0.43759915
      1 20   0.44187883
      1 20   0.5030863
      1 20   0.5255421
      1 20   0.6585749
      1 20   0.79539615
      1 21   0.03288134
      1 21   0.09650858
      1 21   0.11644368
      1 21   0.16834505
      1 21   0.21371964
      1 21   0.22070321
      1 21   0.256693
      1 21   0.2969712
      1 21   0.2985141
      1 21   0.34757057
      1 21   0.35744733
      1 21   0.38584763
      1 21   0.38593394
      1 21   0.5188125
      1 21   0.55487823
      1 21   0.5979726
      1 21   0.66911507
      1 21   0.91312873
      1 22   0.09720492
      1 22   0.13943683
      1 22   0.17677753
      1 22   0.20532213
      1 22   0.22696796
      1 22   0.24143894
      1 22   0.2543869
      1 22   0.29289362
      1 22   0.33259124
      1 22   0.334052
      1 22   0.45902508
      1 22   0.58201545
      1 22   0.75318635
      1 25   0.37723568
      1 25   0.4135387
      1 25   0.41695163
      1 25   0.43157244
      1 25   0.45729497
      1 25   0.5646868
      1 26   0.05177099
      1 26   0.095321536
      1 26   0.114947736
      1 26   0.15530479
      1 26   0.16989896
      1 26   0.17147592
      1 26   0.19994311
      1 26   0.20413843
      1 26   0.20589264
      1 26   0.21728453
      1 26   0.2173355
      1 26   0.23609196
      1 26   0.26098204
      1 26   0.2817917
      1 26   0.28391284
      1 26   0.28656602
      1 26   0.33175284
      1 26   0.35698715
      1 26   0.4135198
      1 26   0.4166607
      1 26   0.50027925
      1 26   0.5996885
      1 26   0.60761905
      1 26   0.6202538
      1 26   0.6657294
      1 26   0.67352295
      1 26   0.6906986
      1 26   0.95273364
      1 27   0.011035525
      1 27   0.060109667
      1 27   0.09779527
      1 27   0.120578036
      1 27   0.14207432
      1 27   0.15360323
      1 27   0.15827869
      1 27   0.18454827
      1 27   0.20133552
      1 27   0.27492833
      1 27   0.2835528
      1 27   0.29475218
      1 27   0.30256146
      1 27   0.32862687
      1 27   0.37050408
      1 27   0.39406312
      1 27   0.3958845
      1 27   0.39978853
      1 27   0.4093601
      1 27   0.41203874
      1 27   0.47041425
      1 27   0.6939391
      2 28   0.03448276
      1 28   0.077155486
      1 28   0.12665436
      2 28   0.16184917
      1 28   0.164294
      1 28   0.22346413
      1 28   0.23752758
      1 28   0.24338871
      1 28   0.26110557
      1 28   0.27513137
      1 28   0.32282397
      1 28   0.3255803
      1 28   0.38064384
      2 28   0.4619037
      1 28   0.47157967
      1 28   0.48399338
      2 28   0.50766355
      1 28   0.544355
      1 28   0.83432627
      1 29   0.059200093
      1 29   0.07356915
      1 29   0.12906793
      1 29   0.20534384
      1 29   0.20689726
      1 29   0.2316381
      1 29   0.24078509
      1 29   0.2688136
      1 29   0.27530408
      1 29   0.29416597
      1 29   0.33702272
      1 29   0.41279623
      1 29   0.4232158
      1 29   0.48106688
      1 29   0.4961298
      1 29   0.5518193
      1 29   0.58530766
      1 29   0.6224512
      1 29   0.6433511
      1 3   0.1105417
      1 3   0.11459086
      1 3   0.13182385
      1 3   0.14073943
      1 3   0.18696913
      1 3   0.28400713
      1 3   0.3095476
      1 3   0.31355956
      1 3   0.37746805
      1 3   0.41995087
      1 3   0.44821072
      1 3   0.5312543
      1 3   0.54777974
      1 3   0.55080736
      1 3   0.60978276
      1 3   0.6108865
      1 3   0.62071
      1 3   0.6821712
      1 3   0.96358204
      1 3   1.0153022
      1 30   0.027864162
      1 30   0.05235277
      1 30   0.08297989
      1 30   0.12737277
      1 30   0.14518574
      1 30   0.1534652
      1 30   0.20844951
      1 30   0.21590261
      1 30   0.23639369
      1 30   0.24667749
      1 30   0.28160283
      1 30   0.29824442
      1 30   0.30437946
      1 30   0.31202027
      1 30   0.31739992
      1 30   0.3185692
      1 30   0.32802588
      1 30   0.34512082
      1 30   0.37940305
      1 30   0.38883245
      1 30   0.41203874
      1 30   0.44410044
      1 30   0.472919
      1 30   0.48730934
      1 30   0.5050582
      1 30   0.51709205
      1 30   0.54725707
      1 30   0.55628914
      1 30   0.6563256
      1 30   1.3885534
      1 30   1.4437078
      1 31   0.13795857
      1 31   0.16193935
      1 31   0.20730886
      1 31   0.21456608
      1 31   0.24128494
      1 31   0.2770425
      1 31   0.31640813
      1 31   0.36819094
      1 31   0.37166783
      1 31   0.38529438
      1 31   0.45205426
      1 31   0.6880506
      1 31   0.68811315
      1 31   0.75794506
      1 31   0.83887243
      1 32   0.08103448
      1 32   0.10333279
      1 32   0.13496707
      1 32   0.16279885
      1 32   0.16950469
      1 32   0.17280507
      1 32   0.21063466
      1 32   0.21523654
      1 32   0.22655024
      1 32   0.2631555
      1 32   0.27418402
      1 32   0.27513137
      1 32   0.2773372
      1 32   0.2828336
      1 32   0.3224782
      1 32   0.32699615
      1 32   0.32772887
      1 32   0.42647
      1 32   0.43543214
      1 32   0.43717462
      1 32   0.459733
      1 32   0.46297315
      1 32   0.48775277
      1 32   0.5025755
      1 32   0.51892936
      1 32   0.5271581
      1 32   0.58117217
      1 32   0.6012745
      1 32   0.63096267
      1 32   0.6397635
      1 32   0.65133333
      1 32   0.80264485
      1 33   0.1012763
      1 33   0.2104708
      1 33   0.22559686
      1 33   0.22979273
      1 33   0.2530805
      1 33   0.30731037
      1 33   0.3492107
      1 33   0.41087964
      1 33   0.60661983
      1 33   0.64803165
      1 33   0.6933195
      1 34   0.10954918
      1 34   0.15383966
      1 34   0.17716548
      1 34   0.24616462
      1 34   0.30932343
      1 34   0.3096737
      1 34   0.3367971
      1 34   0.34641454
      1 34   0.3684334
      1 34   0.57179
      1 34   0.5893968
      1 34   0.6822913
      1 34   0.6848143
      5 35   0.13037585
      5 35   0.13057402
      5 35   0.13501093
      5 35   0.14514259
      5 35   0.18202375
      5 35   0.18940398
      5 35   0.21734487
      5 35   0.22554496
      1 35   0.2513449
      5 35   0.25489745
      5 35   0.28324297
      5 35   0.32614353
      5 35   0.3393537
      5 35   0.35544685
      5 35   0.36451462
      5 35   0.41623637
      5 35   0.43257546
      1 35   0.5297351
      5 35   0.606111
      1 35   0.68147814
      1 36   0.04938575
      1 36   0.0641504
      1 36   0.20456976
      1 36   0.2067127
      1 36   0.23218854
      1 36   0.23920058
      1 36   0.24297649
      1 36   0.24838883
      1 36   0.2794489
      1 36   0.28658795
      1 36   0.30762038
      1 36   0.34087056
      1 36   0.3505905
      1 36   0.356768
      1 36   0.36383295
      1 36   0.3703022
      1 36   0.38895914
      1 36   0.44275522
      1 36   0.45610118
      1 36   0.46569055
      1 36   0.523657
      1 36   0.5240469
      1 36   0.53837645
      1 36   0.55689067
      1 36   0.56103456
      1 36   0.6831976
      1 36   0.7704555
      1 37   0.07832943
      1 37   0.12593043
      1 37   0.17170604
      1 37   0.28975105
      1 37   0.2923986
      1 37   0.297545
      1 37   0.36217386
      1 37   0.38120586
      1 37   0.448543
      1 37   0.4506378
      1 37   0.49008882
      1 37   0.5068756
      1 37   0.5158821
      1 37   0.545914
      1 37   0.7626816
      1 37   0.7915728
      1 38   0.089419484
      1 38   0.11995421
      1 38   0.13024962
      1 38   0.14218268
      1 38   0.29133043
      1 38   0.30213666
      1 38   0.3025737
      1 38   0.33494207
      1 38   0.3521106
      1 38   0.35480258
      1 38   0.39133918
      1 38   0.44015616
      1 38   0.441584
      1 38   0.4895415
      1 38   0.49774566
      1 38   0.5039749
      1 38   0.5863167
      1 38   0.6026331
      1 38   0.63022333
      1 38   0.7479671
      1 39   0.10351867
      1 39   0.110069446
      1 39   0.15405428
      1 39   0.1671875
      1 39   0.18532208
      1 39   0.24756464
      1 39   0.29049492
      1 39   0.29414055
      1 39   0.29450998
      1 39   0.29812464
      1 39   0.33335096
      1 39   0.35438514
      1 39   0.3627055
      1 39   0.3697811
      1 39   0.38746497
      1 39   0.4244301
      1 39   0.46566498
      1 39   0.4857895
      1 39   0.5017179
      1 39   0.5156174
      1 39   0.60585827
      1 39   0.60734254
      1 39   0.6432085
      1 39   0.762753
      1 4   0.054405384
      1 4   0.069010876
      1 4   0.12325249
      1 4   0.24889693
      1 4   0.25274917
      1 4   0.28408903
      1 4   0.35940635
      1 4   0.3736956
      1 4   0.37768573
      1 4   0.5124302
      1 4   0.527751
      1 4   0.74103373
      1 4   0.9709587
      1 40   0.078367054
      1 40   0.09812802
      1 40   0.15595976
      1 40   0.16096205
      1 40   0.1740166
      1 40   0.17422411
      1 40   0.2656988
      1 40   0.27066532
      1 40   0.35072201
      1 40   0.35285127
      1 40   0.36828816
      1 40   0.37536356
      1 40   0.39336723
      1 40   0.40796238
      1 40   0.43777183
      1 40   0.4613285
      1 40   0.47521928
      1 40   0.590571
      1 40   0.65028775
      1 40   0.72720593
      1 40   0.7700835
      1 40   1.0105028
      1 41   0.18574764
      1 41   0.21143925
      1 41   0.21510652
      1 41   0.233589
      1 41   0.2733581
      1 41   0.3135959
      1 41   0.34310335
      1 41   0.3661952
      1 41   0.5068715
      1 41   0.5729766
      1 41   0.580602
      1 41   0.59346896
      1 41   0.64730906
      1 42   0.08869158
      1 42   0.28208187
      1 42   0.29087842
      1 42   0.2916207
      1 42   0.3222282
      1 42   0.35041496
      1 42   0.3548242
      1 42   0.37192306
      1 42   0.37435597
      1 42   0.40525967
      1 42   0.46966648
      1 42   0.49428457
      1 42   0.52700484
      1 42   0.5555647
      1 42   0.62911844
      1 42   0.73872393
      1 42   0.75568
      1 42   1.1095235
      1 42   1.130433
      1 42   1.1342689
      1 43   0.29303086
      1 43   0.38236994
      1 43   0.3866293
      1 43   0.3977805
      1 43   0.44904238
      1 43   0.4499462
      1 43   0.44995087
      1 43   0.5700304
      1 43   0.6399027
      1 43   0.69590414
      1 44   0.14613523
      1 44   0.21585521
      1 44   0.22259472
      1 44   0.25459775
      1 44   0.29760468
      1 44   0.42547458
      1 44   0.47248846
      1 44   0.48906794
      1 44   0.6035437
      1 45   0.1586776
      1 45   0.17811704
      1 45   0.25320518
      1 45   0.2677733
      1 45   0.27349627
      1 45   0.3720404
      1 45   0.418557
      1 45   0.42793682
      1 45   0.4400957
      1 45   0.44446927
      1 45   0.4832666
      1 45   0.6320423
      1 45   0.68295914
      1 45   0.71719015
      1 45   1.0927813
      1 45   1.3444929
      1 45   1.5773275
      1 45   1.6108
      1 46   0.08549215
      1 46   0.23785566
      1 46   0.24474783
      1 46   0.28704605
      1 46   0.32445633
      1 46   0.37654945
      1 46   0.39570683
      1 46   0.46096602
      1 46   0.50638217
      1 46   0.5356201
      1 46   0.5604952
      1 46   0.5817404
      1 46   0.6568749
      1 46   0.71503186
      1 46   1.0167648
      1 47   0.33254424
      1 47   0.3743851
      1 47   0.39241225
      1 47   0.41912085
      1 47   0.43817872
      1 47   0.49436083
      1 47   0.50019515
      1 47   0.5030115
      1 47   0.6799936
      1 47   0.79298294
      1 47   1.3116449
      1 47   1.533485
      1 48   0.21779388
      1 48   0.2211657
      1 48   0.24128366
      1 48   0.27536228
      1 48   0.39881483
      1 48   0.69937015
      1 48   0.7089317
      1 48   0.86988544
      1 48   1.1289219
      1 48   1.3188155
      1 48   1.8303146
      1 49   0.1653343
      1 49   0.26697218
      1 49   0.29758292
      1 49   0.29993272
      1 49   0.30105084
      1 49   0.31713027
      1 49   0.34853807
      1 49   0.40875807
      1 49   0.47817418
      1 49   0.47834045
      1 49   0.4844117
      1 49   0.50036937
      1 49   0.5213123
      1 49   0.52617717
      1 49   0.5273677
      1 49   0.7985179
      1 49   0.8849927
      1 49   0.88520414
      1 49   0.9471248
      1 49   0.9690387
      1 5   0.0651483
      1 5   0.09453809
      1 5   0.12555152
      1 5   0.12785512
      1 5   0.18296713
      1 5   0.27732465
      1 5   0.32721496
      1 5   0.4888455
      1 5   0.52776206
      1 5   0.5481258
      1 5   0.5483848
      1 5   0.64312327
      1 5   0.66860145
      1 5   1.0892583
      1 5   1.6293974
      1 50   0.12186443
      1 50   0.15543287
      1 50   0.19543791
      1 50   0.2601844
      1 50   0.29371148
      1 50   0.38742107
      1 50   0.47099012
      1 50   0.62445384
      1 50   0.7072549
      1 50   0.7478281
      1 50   0.7826243
      1 50   1.4286374
      1 50   1.6134589
      1 50   1.7551486
      1 51   0.07580898
      1 51   0.31945542
      1 51   0.32045716
      1 51   0.35353273
      1 51   0.37658
      1 51   0.391973
      1 51   0.39863852
      1 51   0.48532945
      1 51   0.67930496
      1 51   0.7230164
      1 51   0.826579
      1 51   0.88520414
      1 51   1.123488
      1 51   1.4280326
      1 52   0.021515492
      1 52   0.20538999
      1 52   0.32186574
      1 52   0.43294072
      1 52   0.438385
      1 52   0.5041728
      1 52   0.54263836
      1 52   0.550514
      2 52   0.6036645
      1 52   0.6584318
      1 52   0.6592468
      2 52   0.757087
      1 52   0.86001736
      2 52   1.0382369
      2 52   1.0799428
      2 52   1.4149001
      1 52   1.5536698
      2 52   1.7350986
      2 52   1.7373929
      1 52   1.9902444
      2 53   0.08287054
      2 53   0.41709167
      1 53   0.43083668
      2 53   0.43661457
      2 53   0.43727934
      2 53   0.46409863
      1 53   0.49741763
      1 53   0.64858097
      2 53   0.67541105
      2 53   0.6985187
      1 53   0.7066472
      2 53   0.72014946
      2 53   0.8351693
      2 53   1.0878975
      1 53   1.3118072
      1 53   1.4502876
      1 53   1.4558842
      2 53   1.592929
      1 53   1.822283
      1 54   0.1321881
      1 54   0.20229158
      1 54   0.24136323
      1 54   0.4078948
      1 54   0.42977077
      1 54   0.4416297
      1 54   0.5597217
      1 54   0.5759384
      1 54   0.63086057
      1 54   0.6546112
      1 54   0.6759643
      1 54   0.692854
      1 54   0.71669066
      1 54   0.7546913
      1 54   0.9230481
      1 54   1.0418422
      1 54   1.0523504
      1 54   1.2248698
      1 54   1.2451192
      1 54   1.2832127
      1 54   1.5889235
      1 54   1.6464708
      1 54   1.6769125
      1 55   0.11824474
      1 55   0.600244
      1 55   0.85463107
      1 55   0.8635376
      1 55   0.9779371
      1 55   1.348835
      1 55   1.6459293
      1 56   0.06910002
      1 56   0.18471485
      1 56   0.21466742
      1 56   0.22263944
      1 56   0.2623282
      1 56   0.26283452
      1 56   0.35969007
      1 56   0.41880417
      1 56   0.44933185
      1 56   0.46811372
      1 56   0.47434062
      1 56   0.497606
      1 56   0.5141227
      1 56   0.5723407
      1 56   0.66761374
      1 56   0.72201216
      1 56   0.7445719
      1 56   0.84543645
      1 56   0.92039514
      1 56   1.1155676
      1 56   1.2118154
      1 56   1.3566688
      1 56   1.3957486
      2 56   1.4312173
      1 56   1.4654315
      1 56   2.027502
      1 57   0.16733833
      1 57   0.19079873
      1 57   0.24485156
      1 57   0.28133768
      1 57   0.3276767
      1 57   0.51991194
      1 57   0.97204655
      1 57   1.0079494
      1 58   0.23013175
      1 58   0.4607548
      1 58   0.49161816
      1 58   0.6890235
      1 58   0.7663743
      1 58   0.77834415
      1 58   0.8504436
      1 58   0.9036586
      1 58   0.93573874
      1 58   1.0862702
      1 58   1.4405868
      1 58   1.664633
      1 58   1.8589292
      1 59   0.13812926
      1 59   0.2042692
      1 59   0.21238194
      1 59   0.46659303
      1 59   0.6045015
      1 59   0.6244432
      1 59   0.8711256
      1 59   1.1460303
      1 59   1.1523438
      1 59   1.1908045
      1 59   1.3294414
      1 59   1.4383637
      1 6   0.10480414
      1 6   0.2950141
      1 6   0.32098132
      1 6   1.040585
      1 6   1.5498374
      1 60   0.24605173
      1 60   0.29564944
      2 60   0.68022114
      1 60   0.690109
      1 60   0.9060712
      1 60   1.0051199
      1 60   1.0167836
      1 60   1.0586786
      1 60   1.1438953
      1 60   1.2016402
      1 60   1.2252481
      1 60   1.3667562
      1 60   1.5051537
      1 60   1.5743154
      1 61   0.4476815
      1 61   0.47956076
      1 61   0.5095257
      1 61   0.9264761
      1 61   1.1781427
      1 61   1.4701568
      1 61   1.7566979
      1 62   0.34308445
      1 62   0.34959343
      1 62   0.5107653
      1 62   0.6961157
      1 62   0.7645204
      1 62   0.9264761
      1 62   1.0856032
      1 62   1.1578114
      1 62   1.6221977
      1 62   1.7553878
      1 62   1.9016232
      1 63   0.43015158
      1 63   0.76974595
      1 63   1.3568468
      1 63   1.7999493
      1 63   1.8600903
      2 64   0.92981744
      2 64   1.026733
      2 64   1.3002453
      2 64   1.3736281
      2 64   1.4405868
      2 65   0.41022524
      2 65   0.4389372
      2 65   0.5863108
      2 65   0.67393434
      2 65   0.71639585
      2 65   0.7908908
      2 65   0.88935935
      2 65   1.0125
      2 65   1.2453492
      2 65   1.2554222
      2 65   1.304024
      2 65   1.3766398
      2 65   1.4366534
      2 65   1.4605392
      2 65   1.4650239
      2 65   1.6077647
      2 65   1.7070642
      2 65   1.7912418
      2 65   1.851496
      2 65   1.9267313
      2 65   1.9931536
      1 66   0.21914291
      2 66   0.2984373
      2 66   0.9518385
      1 66   1.0076176
      1 66   1.120153
      1 66   1.1447058
      1 66   1.2637874
      1 66   1.8600903
      1 66   1.9924784
      1 66   2.0149817
      1 66   2.0234084
      1 67   0.19675578
      1 67   0.24182001
      1 67   0.4062895
      1 67   0.5836384
      1 67   0.6119001
      1 67   0.62721545
      1 67   0.6384332
      1 67   0.8201109
      1 67   1.3142029
      1 67   1.5305563
      1 68   0.0030793948
      1 68   0.029397527
      1 68   0.5044931
      1 68   0.7394665
      1 68   0.8374047
      1 68   1.0205861
      1 68   1.7412907
      1 68   1.928331
      1 69   0.1450753
      1 69   0.22490436
      1 69   0.37907386
      1 69   0.47183144
      1 69   0.7484733
      1 69   0.7870656
      1 69   1.12118
      1 69   1.1578114
      1 69   1.8263355
      1 70   0.6587644
      1 70   0.9178197
      1 71   1.8552413
      1 71   1.8574594
      1 72   0.14242432
      1 72   0.49991143
      1 72   0.9181194
      1 72   1.2703828
      1 72   1.3387835
      1 73   0.7394665
      1 73   1.4305135
      1 73   1.8902842
      1 74   0.10173603
      1 75   0.7164378
      1 75   1.2163193
      1 75   1.2873323
      1 75   1.43409
      1 75   1.4883716
      2 75   1.8547437
      2 76   0.34588382
      2 76   0.46179774
      2 76   1.5452632
      2 76   2.0965915
      2 77   0.7394665
      2 77   1.3190345
      2 77   1.4253488
      2 78   1.1219103
      2 78   1.2400479
      1 79   1.0894126
      1 8   0.08577965
      1 8   0.3226687
      1 8   0.45667583
      1 8   0.68740845
      1 8   0.8460181
      1 80   0.6462743
      1 80   0.7566141
      1 80   0.95424217
      1 80   1.0773293
      1 80   1.296846
      1 80   1.4665866
      1 80   1.4667631
      1 80   1.744902
      1 81   0.39084718
      1 81   2.0203779
      1 83   1.1903694
      1 84   1.1124632
      1 85   0.6948334
      1 85   0.70677316
      1 85   1.0199031
      1 85   1.4490323
      1 85   1.479693
      1 85   1.5002111
      1 85   1.5712065
      1 85   1.819169
      1 86   1.4724433
      1 89   1.050837
